0.1 0.975517 0.0987758 0.975517 0.0987758 -0.244835
0.3 0.92655 0.288982 0.92655 0.288982 -0.244835
0.5 0.877583 0.469396 0.877583 0.469396 -0.244835
0.7 0.74267 0.631421 0.794238 0.637724 -0.588615
0.9 0.607758 0.766464 0.642136 0.782507 -0.932396
1.1 0.446389 0.873201 0.433177 0.890391 -1.03822
1.3 0.258563 0.943697 0.238745 0.957143 -0.906099
1.5 0.0707372 0.976627 0.0707372 0.98765 -0.773974
1.7 -0.124016 0.971299 -0.100041 0.985253 -0.933809
1.9 -0.31877 0.92702 -0.302787 0.945503 -1.09364
2.1 -0.493146 0.84481 -0.525432 0.862409 -1.01213
2.3 -0.647145 0.730781 -0.695573 0.739233 -0.68928
2.5 -0.801144 0.585952 -0.801144 0.588485 -0.366425
2.7 -0.876683 0.418169 -0.87533 0.420867 -0.375443
2.9 -0.952223 0.235278 -0.951321 0.238232 -0.384461
3.1 -0.979285 0.0397038 -1.01897 0.0405571 -0.190554
3.3 -0.957871 -0.154012 -1.0174 -0.164402 0.20628
3.5 -0.936457 -0.343445 -0.936457 -0.36111 0.603114
3.7 -0.823331 -0.519423 -0.818833 -0.536539 0.573124
3.9 -0.710206 -0.672777 -0.707207 -0.689043 0.543134
4.1 -0.565074 -0.801906 -0.593679 -0.819559 0.671161
4.3 -0.387935 -0.897206 -0.430842 -0.922964 0.957207
4.5 -0.210796 -0.95708 -0.210796 -0.988081 1.24325
4.7 -0.0130126 -0.97946 0.0175078 -1.00673 1.03978
4.9 0.184771 -0.962285 0.205118 -0.983791 0.836314
5.1 0.368664 -0.906247 0.359429 -0.927151 0.780754
5.3 0.538667 -0.815514 0.524814 -0.839035 0.873102
5.5 0.70867 -0.69078 0.70867 -0.715994 0.965451
5.7 0.80927 -0.538986 0.864764 -0.557418 0.595491
5.9 0.90987 -0.367072 0.946866 -0.375021 0.225531
6.1 0.963454 -0.177389 0.964071 -0.183301 0.0374645
6.3 0.970021 0.0159587 0.970947 0.0102215 0.0312914
6.5 0.976588 0.21062 0.976588 0.204996 0.0251183
6.7 0.887513 0.39703 0.943972 0.398306 -0.351273
6.9 0.798439 0.565625 0.836078 0.577566 -0.727664
7.1 0.672449 0.71456 0.664343 0.7281 -0.875329
7.3 0.509542 0.832759 0.497383 0.844003 -0.794269
7.5 0.346635 0.918376 0.346635 0.928134 -0.713208
7.7 0.149781 0.968018 0.182309 0.981751 -0.930058
7.9 -0.047073 0.978289 -0.0253879 0.998166 -1.14691
8.1 -0.236802 0.949545 -0.264187 0.969114 -1.11841
8.3 -0.419407 0.883924 -0.460484 0.895734 -0.844562
8.5 -0.602012 0.781782 -0.602012 0.788571 -0.570714
8.7 -0.725659 0.649015 -0.719957 0.656501 -0.608732
8.9 -0.849307 0.491519 -0.845505 0.500082 -0.64675
9.1 -0.928339 0.311523 -0.967833 0.318153 -0.468289
9.3 -0.962755 0.122414 -1.022 0.117854 -0.0733487
9.5 -0.997172 -0.0735789 -0.997172 -0.0853795 0.321592
9.7 -0.933932 -0.266689 -0.933285 -0.278411 0.317279
9.9 -0.870692 -0.447152 -0.87026 -0.458751 0.312967
10.1 -0.766365 -0.612912 -0.799665 -0.626291 0.477314
10.3 -0.620951 -0.751643 -0.670902 -0.774458 0.810321
10.5 -0.475537 -0.861292 -0.475537 -0.890212 1.14333
10.7 -0.283552 -0.937201 -0.261544 -0.963431 0.996606
10.9 -0.0915668 -0.974713 -0.0768946 -0.996786 0.849884
11.1 0.100202 -0.973838 0.0857027 -0.995902 0.849017
11.3 0.291753 -0.934643 0.270005 -0.960815 0.994005
11.5 0.483305 -0.857137 0.483305 -0.885967 1.13899
11.7 0.627524 -0.746054 0.677672 -0.768755 0.804677
11.9 0.771744 -0.606127 0.805176 -0.619356 0.470361
12.1 0.874643 -0.439423 0.874268 -0.45086 0.305077
12.3 0.936221 -0.258336 0.935658 -0.26988 0.308826
12.5 0.997798 -0.0649344 0.997798 -0.0765471 0.312574
12.7 0.961658 0.131011 1.02085 0.126633 -0.0820476
12.9 0.925517 0.319729 0.964979 0.326532 -0.476669
13.1 0.844942 0.498996 0.841027 0.507725 -0.654409
13.3 0.719931 0.655484 0.71406 0.663103 -0.615267
13.5 0.594921 0.786969 0.594921 0.793871 -0.576125
13.7 0.411647 0.887626 0.452476 0.899518 -0.848318
13.9 0.228374 0.951628 0.255593 0.971232 -1.12051
14.1 0.0384049 0.97864 0.016542 0.998535 -1.14729
14.3 -0.15826 0.966655 -0.191054 0.980355 -0.928666
14.5 -0.354924 0.915336 -0.354924 0.925028 -0.710037
14.7 -0.51683 0.828161 -0.504891 0.839312 -0.789629
14.9 -0.678735 0.708605 -0.670776 0.722011 -0.869222
