0 1
0.01 0.99696
0.02 0.993921
0.03 0.990881
0.04 0.987842
0.05 0.984802
0.06 0.981762
0.07 0.978723
0.08 0.975683
0.09 0.972644
0.1 0.969604
0.11 0.966565
0.12 0.963525
0.13 0.960485
0.14 0.957446
0.15 0.954406
0.16 0.951367
0.17 0.948327
0.18 0.945287
0.19 0.942248
0.2 0.939208
0.21 0.936169
0.22 0.933129
0.23 0.930089
0.24 0.92705
0.25 0.92401
0.26 0.920971
0.27 0.917931
0.28 0.914892
0.29 0.911852
0.3 0.908812
0.31 0.905773
0.32 0.902733
0.33 0.899694
0.34 0.896654
0.35 0.893614
0.36 0.890575
0.37 0.887535
0.38 0.884496
0.39 0.881456
0.4 0.878416
0.41 0.875377
0.42 0.872337
0.43 0.869298
0.44 0.866258
0.45 0.863218
0.46 0.860179
0.47 0.857139
0.48 0.8541
0.49 0.85106
0.5 0.848021
0.51 0.844981
0.52 0.841941
0.53 0.838902
0.54 0.835862
0.55 0.832823
0.56 0.829783
0.57 0.826743
0.58 0.823704
0.59 0.820664
0.6 0.817625
0.61 0.814585
0.62 0.811545
0.63 0.807679
0.64 0.799721
0.65 0.791763
0.66 0.783806
0.67 0.775848
0.68 0.76789
0.69 0.759932
0.7 0.751975
0.71 0.744017
0.72 0.736059
0.73 0.728101
0.74 0.720144
0.75 0.712186
0.76 0.704228
0.77 0.69627
0.78 0.688313
0.79 0.680355
0.8 0.672397
0.81 0.664439
0.82 0.656482
0.83 0.648524
0.84 0.640566
0.85 0.632608
0.86 0.624651
0.87 0.616693
0.88 0.608735
0.89 0.600777
0.9 0.59282
0.91 0.584862
0.92 0.576904
0.93 0.568947
0.94 0.560989
0.95 0.553031
0.96 0.545073
0.97 0.537116
0.98 0.529158
0.99 0.5212
1 0.513242
1.01 0.505285
1.02 0.497327
1.03 0.489369
1.04 0.481411
1.05 0.473454
1.06 0.465496
1.07 0.457538
1.08 0.44958
1.09 0.441623
1.1 0.433665
1.11 0.425707
1.12 0.417749
1.13 0.409792
1.14 0.401834
1.15 0.393876
1.16 0.385918
1.17 0.377961
1.18 0.370003
1.19 0.362045
1.2 0.354087
1.21 0.34613
1.22 0.338172
1.23 0.330214
1.24 0.322256
1.25 0.314299
1.26 0.305709
1.27 0.295873
1.28 0.286036
1.29 0.2762
1.3 0.266364
1.31 0.256528
1.32 0.246691
1.33 0.236855
1.34 0.227019
1.35 0.217182
1.36 0.207346
1.37 0.19751
1.38 0.187673
1.39 0.177837
1.4 0.168001
1.41 0.158164
1.42 0.148328
1.43 0.138492
1.44 0.128655
1.45 0.118819
1.46 0.108983
1.47 0.0991465
1.48 0.0893101
1.49 0.0794738
1.5 0.0696375
1.51 0.0598012
1.52 0.0499649
1.53 0.0401286
1.54 0.0302922
1.55 0.0204559
1.56 0.0106196
1.57 0.000783292
1.58 -0.00905302
1.59 -0.0188893
1.6 -0.0287257
1.61 -0.038562
1.62 -0.0483983
1.63 -0.0582346
1.64 -0.0680709
1.65 -0.0779072
1.66 -0.0877436
1.67 -0.0975799
1.68 -0.107416
1.69 -0.117253
1.7 -0.127089
1.71 -0.136925
1.72 -0.146761
1.73 -0.156598
1.74 -0.166434
1.75 -0.17627
1.76 -0.186107
1.77 -0.195943
1.78 -0.205779
1.79 -0.215616
1.8 -0.225452
1.81 -0.235288
1.82 -0.245125
1.83 -0.254961
1.84 -0.264797
1.85 -0.274634
1.86 -0.28447
1.87 -0.294306
1.88 -0.304143
1.89 -0.313031
1.9 -0.320989
1.91 -0.328947
1.92 -0.336904
1.93 -0.344862
1.94 -0.35282
1.95 -0.360778
1.96 -0.368735
1.97 -0.376693
1.98 -0.384651
1.99 -0.392609
2 -0.400566
2.01 -0.408524
2.02 -0.416482
2.03 -0.42444
2.04 -0.432397
2.05 -0.440355
2.06 -0.448313
2.07 -0.456271
2.08 -0.464228
2.09 -0.472186
2.1 -0.480144
2.11 -0.488102
2.12 -0.496059
2.13 -0.504017
2.14 -0.511975
2.15 -0.519933
2.16 -0.52789
2.17 -0.535848
2.18 -0.543806
2.19 -0.551764
2.2 -0.559721
2.21 -0.567679
2.22 -0.575637
2.23 -0.583595
2.24 -0.591552
2.25 -0.59951
2.26 -0.607468
2.27 -0.615426
2.28 -0.623383
2.29 -0.631341
2.3 -0.639299
2.31 -0.647257
2.32 -0.655214
2.33 -0.663172
2.34 -0.67113
2.35 -0.679088
2.36 -0.687045
2.37 -0.695003
2.38 -0.702961
2.39 -0.710919
2.4 -0.718876
2.41 -0.726834
2.42 -0.734792
2.43 -0.74275
2.44 -0.750707
2.45 -0.758665
2.46 -0.766623
2.47 -0.774581
2.48 -0.782538
2.49 -0.790496
2.5 -0.798454
2.51 -0.806412
2.52 -0.811061
2.53 -0.814101
2.54 -0.817141
2.55 -0.82018
2.56 -0.82322
2.57 -0.826259
2.58 -0.829299
2.59 -0.832339
2.6 -0.835378
2.61 -0.838418
2.62 -0.841457
2.63 -0.844497
2.64 -0.847536
2.65 -0.850576
2.66 -0.853616
2.67 -0.856655
2.68 -0.859695
2.69 -0.862734
2.7 -0.865774
2.71 -0.868814
2.72 -0.871853
2.73 -0.874893
2.74 -0.877932
2.75 -0.880972
2.76 -0.884012
2.77 -0.887051
2.78 -0.890091
2.79 -0.89313
2.8 -0.89617
2.81 -0.899209
2.82 -0.902249
2.83 -0.905289
2.84 -0.908328
2.85 -0.911368
2.86 -0.914407
2.87 -0.917447
2.88 -0.920487
2.89 -0.923526
2.9 -0.926566
2.91 -0.929605
2.92 -0.932645
2.93 -0.935685
2.94 -0.938724
2.95 -0.941764
2.96 -0.944803
2.97 -0.947843
2.98 -0.950882
2.99 -0.953922
3 -0.956962
3.01 -0.960001
3.02 -0.963041
3.03 -0.96608
3.04 -0.96912
3.05 -0.97216
3.06 -0.975199
3.07 -0.978239
3.08 -0.981278
3.09 -0.984318
3.1 -0.987358
3.11 -0.990397
3.12 -0.993437
3.13 -0.996476
3.14 -0.999516
3.15 -0.997445
3.16 -0.994405
3.17 -0.991365
3.18 -0.988326
3.19 -0.985286
3.2 -0.982247
3.21 -0.979207
3.22 -0.976167
3.23 -0.973128
3.24 -0.970088
3.25 -0.967049
3.26 -0.964009
3.27 -0.960969
3.28 -0.95793
3.29 -0.95489
3.3 -0.951851
3.31 -0.948811
3.32 -0.945772
3.33 -0.942732
3.34 -0.939692
3.35 -0.936653
3.36 -0.933613
3.37 -0.930574
3.38 -0.927534
3.39 -0.924494
3.4 -0.921455
3.41 -0.918415
3.42 -0.915376
3.43 -0.912336
3.44 -0.909296
3.45 -0.906257
3.46 -0.903217
3.47 -0.900178
3.48 -0.897138
3.49 -0.894098
3.5 -0.891059
3.51 -0.888019
3.52 -0.88498
3.53 -0.88194
3.54 -0.878901
3.55 -0.875861
3.56 -0.872821
3.57 -0.869782
3.58 -0.866742
3.59 -0.863703
3.6 -0.860663
3.61 -0.857623
3.62 -0.854584
3.63 -0.851544
3.64 -0.848505
3.65 -0.845465
3.66 -0.842425
3.67 -0.839386
3.68 -0.836346
3.69 -0.833307
3.7 -0.830267
3.71 -0.827228
3.72 -0.824188
3.73 -0.821148
3.74 -0.818109
3.75 -0.815069
3.76 -0.81203
3.77 -0.808946
3.78 -0.800989
3.79 -0.793031
3.8 -0.785073
3.81 -0.777115
3.82 -0.769158
3.83 -0.7612
3.84 -0.753242
3.85 -0.745284
3.86 -0.737327
3.87 -0.729369
3.88 -0.721411
3.89 -0.713453
3.9 -0.705496
3.91 -0.697538
3.92 -0.68958
3.93 -0.681622
3.94 -0.673665
3.95 -0.665707
3.96 -0.657749
3.97 -0.649791
3.98 -0.641834
3.99 -0.633876
4 -0.625918
4.01 -0.61796
4.02 -0.610003
4.03 -0.602045
4.04 -0.594087
4.05 -0.586129
4.06 -0.578172
4.07 -0.570214
4.08 -0.562256
4.09 -0.554298
4.1 -0.546341
4.11 -0.538383
4.12 -0.530425
4.13 -0.522467
4.14 -0.51451
4.15 -0.506552
4.16 -0.498594
4.17 -0.490636
4.18 -0.482679
4.19 -0.474721
4.2 -0.466763
4.21 -0.458805
4.22 -0.450848
4.23 -0.44289
4.24 -0.434932
4.25 -0.426974
4.26 -0.419017
4.27 -0.411059
4.28 -0.403101
4.29 -0.395143
4.3 -0.387186
4.31 -0.379228
4.32 -0.37127
4.33 -0.363312
4.34 -0.355355
4.35 -0.347397
4.36 -0.339439
4.37 -0.331481
4.38 -0.323524
4.39 -0.315566
4.4 -0.307276
4.41 -0.297439
4.42 -0.287603
4.43 -0.277767
4.44 -0.26793
4.45 -0.258094
4.46 -0.248258
4.47 -0.238421
4.48 -0.228585
4.49 -0.218749
4.5 -0.208913
4.51 -0.199076
4.52 -0.18924
4.53 -0.179404
4.54 -0.169567
4.55 -0.159731
4.56 -0.149895
4.57 -0.140058
4.58 -0.130222
4.59 -0.120386
4.6 -0.110549
4.61 -0.100713
4.62 -0.0908767
4.63 -0.0810404
4.64 -0.0712041
4.65 -0.0613678
4.66 -0.0515315
4.67 -0.0416951
4.68 -0.0318588
4.69 -0.0220225
4.7 -0.0121862
4.71 -0.00234988
4.72 0.00748644
4.73 0.0173228
4.74 0.0271591
4.75 0.0369954
4.76 0.0468317
4.77 0.056668
4.78 0.0665043
4.79 0.0763407
4.8 0.086177
4.81 0.0960133
4.82 0.10585
4.83 0.115686
4.84 0.125522
4.85 0.135359
4.86 0.145195
4.87 0.155031
4.88 0.164868
4.89 0.174704
4.9 0.18454
4.91 0.194376
4.92 0.204213
4.93 0.214049
4.94 0.223885
4.95 0.233722
4.96 0.243558
4.97 0.253394
4.98 0.263231
4.99 0.273067
5 0.282903
5.01 0.29274
5.02 0.302576
5.03 0.311764
5.04 0.319722
5.05 0.327679
5.06 0.335637
5.07 0.343595
5.08 0.351553
5.09 0.35951
5.1 0.367468
5.11 0.375426
5.12 0.383384
5.13 0.391341
5.14 0.399299
5.15 0.407257
5.16 0.415215
5.17 0.423172
5.18 0.43113
5.19 0.439088
5.2 0.447046
5.21 0.455003
5.22 0.462961
5.23 0.470919
5.24 0.478877
5.25 0.486834
5.26 0.494792
5.27 0.50275
5.28 0.510707
5.29 0.518665
5.3 0.526623
5.31 0.534581
5.32 0.542538
5.33 0.550496
5.34 0.558454
5.35 0.566412
5.36 0.574369
5.37 0.582327
5.38 0.590285
5.39 0.598243
5.4 0.6062
5.41 0.614158
5.42 0.622116
5.43 0.630074
5.44 0.638031
5.45 0.645989
5.46 0.653947
5.47 0.661905
5.48 0.669862
5.49 0.67782
5.5 0.685778
5.51 0.693736
5.52 0.701693
5.53 0.709651
5.54 0.717609
5.55 0.725567
5.56 0.733524
5.57 0.741482
5.58 0.74944
5.59 0.757398
5.6 0.765355
5.61 0.773313
5.62 0.781271
5.63 0.789229
5.64 0.797186
5.65 0.805144
5.66 0.810577
5.67 0.813617
5.68 0.816656
5.69 0.819696
5.7 0.822736
5.71 0.825775
5.72 0.828815
5.73 0.831854
5.74 0.834894
5.75 0.837934
5.76 0.840973
5.77 0.844013
5.78 0.847052
5.79 0.850092
5.8 0.853132
5.81 0.856171
5.82 0.859211
5.83 0.86225
5.84 0.86529
5.85 0.868329
5.86 0.871369
5.87 0.874409
5.88 0.877448
5.89 0.880488
5.9 0.883527
5.91 0.886567
5.92 0.889607
5.93 0.892646
5.94 0.895686
5.95 0.898725
5.96 0.901765
5.97 0.904805
5.98 0.907844
5.99 0.910884
6 0.913923
6.01 0.916963
6.02 0.920002
6.03 0.923042
6.04 0.926082
6.05 0.929121
6.06 0.932161
6.07 0.9352
6.08 0.93824
6.09 0.94128
6.1 0.944319
6.11 0.947359
6.12 0.950398
6.13 0.953438
6.14 0.956478
6.15 0.959517
6.16 0.962557
6.17 0.965596
6.18 0.968636
6.19 0.971675
6.2 0.974715
6.21 0.977755
6.22 0.980794
6.23 0.983834
6.24 0.986873
6.25 0.989913
6.26 0.992953
6.27 0.995992
6.28 0.999032
