101 0.0158098
102 0.0171538
103 0.0186766
104 0.0204114
105 0.0223994
106 0.0246923
107 0.0273559
108 0.0304743
109 0.0341573
110 0.0385496
111 0.0438454
112 0.05031
113 0.0583139
114 0.0683859
115 0.0813026
116 0.0982408
117 0.121052
118 0.152782
119 0.198723
120 0.26871
121 0.38265
122 0.585574
123 0.995419
124 1.98419
125 4.85739
126 9.06913
127 4.60486
128 1.8991
129 0.962952
130 0.570488
131 0.374559
132 0.263906
133 0.19565
134 0.150702
135 0.119581
136 0.0971631
137 0.0804899
138 0.0677581
139 0.057819
140 0.0499131
141 0.0435222
142 0.038283
143 0.0339348
144 0.0302868
145 0.0271963
146 0.0245554
147 0.022281
148 0.0203084
149 0.0185864
150 0.0170744
151 0.0157395
152 0.0145552
153 0.0134997
154 0.0125549
155 0.0117058
156 0.0109401
157 0.0102471
158 0.00961783
159 0.00904481
