0.0625 -0.499512
0.09375 -0.498905
0.125 -0.498061
0.15625 -0.496984
0.1875 -0.49568
0.21875 -0.494156
0.25 -0.492422
0.28125 -0.490484
0.3125 -0.488354
0.34375 -0.486042
0.375 -0.483557
0.40625 -0.480913
0.4375 -0.47812
0.46875 -0.47519
0.5 -0.472135
0.53125 -0.468962
0.5625 -0.465687
0.59375 -0.46232
0.625 -0.458872
0.65625 -0.455349
0.6875 -0.451763
0.71875 -0.448121
0.75 -0.444441
0.78125 -0.440716
0.8125 -0.436968
0.84375 -0.43319
0.875 -0.429405
0.90625 -0.425609
0.9375 -0.421799
0.96875 -0.418001

2 -0.123322
2.5 -0.333191
3 -0.42239
3.5 -0.462904
4 -0.481898
4.5 -0.490892
5 -0.495135
5.5 -0.497114
6 -0.498023
6.5 -0.498434
7 -0.498616
7.5 -0.498696
8 -0.498731
8.5 -0.498746
9 -0.498752
9.5 -0.498754

0.1 0.0570947
0.2 0.10334
0.3 0.140282
0.4 0.169271
0.5 0.191486
0.6 0.20795
0.7 0.219558
0.8 0.227083
0.9 0.231195
1 0.232476
1.1 0.231427
1.2 0.228479
1.3 0.224001
1.4 0.218312
1.5 0.211682
1.6 0.20434
1.7 0.196483
1.8 0.188275
1.9 0.179852
2 0.17133
2.1 0.162804
2.2 0.154352
2.3 0.146036
2.4 0.137907
2.5 0.130004
2.6 0.122358
2.7 0.114991
2.8 0.10792
2.9 0.101154
3 0.0946995
3.1 0.0885585
3.2 0.0827295
3.3 0.0772086
3.4 0.07199
3.5 0.067066
3.6 0.0624278
3.7 0.0580655
3.8 0.0539685
3.9 0.0501259
4 0.0465262
4.1 0.0431579
4.2 0.0400096
4.3 0.03707
4.4 0.0343276
4.5 0.0317717
4.6 0.0293915
4.7 0.0271766
4.8 0.0251172
4.9 0.0232038
5 0.021427
5.1 0.0197783
5.2 0.0182493
5.3 0.0168322
5.4 0.0155194
5.5 0.014304
5.6 0.0131792
5.7 0.0121389
5.8 0.011177
5.9 0.0102881
6 0.00946695
6.1 0.00870867
6.2 0.0080087
6.3 0.00736279
6.4 0.00676695
6.5 0.00621745
6.6 0.00571085
6.7 0.00524391
6.8 0.00481363
6.9 0.0044172
7 0.00405204
7.1 0.00371571
7.2 0.00340599
7.3 0.00312077
7.4 0.00285814
7.5 0.00261629
7.6 0.00239356
7.7 0.00218841
7.8 0.00199941
7.9 0.00182522
8 0.00166462
8.1 0.00151646
8.2 0.00137969
8.3 0.00125331
8.4 0.00113642
8.5 0.00102815
8.6 0.00092772
8.7 0.00083439
8.8 0.000747463
8.9 0.00066629
9 0.000590272
9.1 0.000518829
9.2 0.000451416
9.3 0.00038753
9.4 0.000326678
9.5 0.000268385
9.6 0.000212205
9.7 0.000157702
9.8 0.000104444
9.9 5.20133e-05
