0.0625 -0.499512
0.09375 -0.498905
0.125 -0.498061
0.15625 -0.496984
0.1875 -0.49568
0.21875 -0.494156
0.25 -0.492422
0.28125 -0.490484
0.3125 -0.488354
0.34375 -0.486042
0.375 -0.483557
0.40625 -0.480913
0.4375 -0.47812
0.46875 -0.47519
0.5 -0.472135
0.53125 -0.468962
0.5625 -0.465687
0.59375 -0.46232
0.625 -0.458872
0.65625 -0.455349
0.6875 -0.451763
0.71875 -0.448121
0.75 -0.444441
0.78125 -0.440716
0.8125 -0.436968
0.84375 -0.43319
0.875 -0.429405
0.90625 -0.425609
0.9375 -0.421799
0.96875 -0.418001

2 -0.123322
2.5 -0.333191
3 -0.42239
3.5 -0.462904
4 -0.481898
4.5 -0.490892
5 -0.495135
5.5 -0.497114
6 -0.498023
6.5 -0.498434
7 -0.498616
7.5 -0.498696
8 -0.498731
8.5 -0.498746
9 -0.498752
9.5 -0.498754

0.1 0.246707
0.2 0.446534
0.3 0.606161
0.4 0.731424
0.5 0.827412
0.6 0.898557
0.7 0.948713
0.8 0.981227
0.9 0.998998
1 1.00453
1.1 1
1.2 0.987259
1.3 0.967912
1.4 0.943329
1.5 0.914679
1.6 0.882958
1.7 0.849007
1.8 0.813537
1.9 0.777143
2 0.740321
2.1 0.70348
2.2 0.666956
2.3 0.631023
2.4 0.595896
2.5 0.561748
2.6 0.52871
2.7 0.496878
2.8 0.466322
2.9 0.437087
3 0.409198
3.1 0.382663
3.2 0.357475
3.3 0.33362
3.4 0.31107
3.5 0.289793
3.6 0.269752
3.7 0.250902
3.8 0.233199
3.9 0.216595
4 0.20104
4.1 0.186486
4.2 0.172882
4.3 0.16018
4.4 0.14833
4.5 0.137286
4.6 0.127001
4.7 0.117431
4.8 0.108532
4.9 0.100264
5 0.0925864
5.1 0.0854623
5.2 0.0788555
5.3 0.0727321
5.4 0.0670596
5.5 0.0618078
5.6 0.0569477
5.7 0.0524523
5.8 0.0482961
5.9 0.0444551
6 0.0409068
6.1 0.0376303
6.2 0.0346057
6.3 0.0318147
6.4 0.0292401
6.5 0.0268657
6.6 0.0246767
6.7 0.022659
6.8 0.0207998
6.9 0.0190868
7 0.0175089
7.1 0.0160556
7.2 0.0147173
7.3 0.0134849
7.4 0.0123501
7.5 0.011305
7.6 0.0103426
7.7 0.00945615
7.8 0.00863947
7.9 0.0078868
8 0.00719284
8.1 0.00655266
8.2 0.00596166
8.3 0.00541557
8.4 0.00491049
8.5 0.00444266
8.6 0.00400869
8.7 0.00360541
8.8 0.0032298
8.9 0.00287905
9 0.00255057
9.1 0.00224187
9.2 0.00195058
9.3 0.00167452
9.4 0.00141158
9.5 0.0011597
9.6 0.000916941
9.7 0.000681431
9.8 0.000451304
9.9 0.00022475
