0.1 0.242915 0.247223
0.2 0.439685 0.447394
0.3 0.596898 0.607228
0.4 0.720306 0.73259
0.5 0.814926 0.828594
0.6 0.885123 0.899691
0.7 0.934695 0.949753
0.8 0.966936 0.98214
0.9 0.9847 0.999761
1 0.990454 1.00514
1.1 0.986327 1.00043
1.2 0.974152 0.987522
1.3 0.9555 0.968009
1.4 0.931718 0.943267
1.5 0.903954 0.914468
1.6 0.873183 0.882608
1.7 0.840231 0.84853
1.8 0.805794 0.812945
1.9 0.770456 0.776449
2 0.734699 0.739537
2.1 0.698927 0.702619
2.2 0.663466 0.66603
2.3 0.628581 0.630042
2.4 0.594486 0.594872
2.5 0.561346 0.56069
2.6 0.529289 0.527627
2.7 0.498408 0.495778
2.8 0.46877 0.465214
2.9 0.440418 0.435976
3 0.413375 0.408091
3.1 0.387649 0.381564
3.2 0.363233 0.356391
3.3 0.340111 0.332553
3.4 0.318255 0.310025
3.5 0.297635 0.288773
3.6 0.278212 0.268758
3.7 0.259943 0.249937
3.8 0.242785 0.232265
3.9 0.226689 0.215692
4 0.211609 0.200171
4.1 0.197495 0.18565
4.2 0.184299 0.17208
4.3 0.171972 0.159412
4.4 0.160469 0.147596
4.5 0.149741 0.136586
4.6 0.139745 0.126335
4.7 0.130438 0.116797
4.8 0.121776 0.107931
4.9 0.113721 0.0996947
5 0.106235 0.0920485
5.1 0.0992794 0.0849547
5.2 0.0928213 0.0783774
5.3 0.0868272 0.0722826
5.4 0.0812662 0.0666381
5.5 0.0761088 0.0614132
5.6 0.0713273 0.0565793
5.7 0.0668956 0.0521093
5.8 0.0627893 0.0479776
5.9 0.0589853 0.0441604
6 0.0554622 0.0406353
6.1 0.0521997 0.0373811
6.2 0.0491789 0.0343783
6.3 0.0463823 0.0316085
6.4 0.0437935 0.0290546
6.5 0.0413971 0.0267004
6.6 0.0391788 0.0245312
6.7 0.0371253 0.0225331
6.8 0.0352244 0.0206931
6.9 0.0334646 0.0189992
7 0.0318351 0.0174404
7.1 0.0303262 0.0160061
7.2 0.0289286 0.0146869
7.3 0.0276339 0.0134739
7.4 0.0264343 0.0123587
7.5 0.0253224 0.0113337
7.6 0.0242915 0.0103919
7.7 0.0233355 0.00952669
7.8 0.0224485 0.00873206
7.9 0.0216253 0.00800239
8 0.020861 0.00733252
8.1 0.0201511 0.00671767
8.2 0.0194915 0.00615344
8.3 0.0188782 0.00563576
8.4 0.0183078 0.00516089
8.5 0.017777 0.00472536
8.6 0.0172829 0.00432598
8.7 0.0168227 0.00395983
8.8 0.0163938 0.00362418
8.9 0.015994 0.00331656
9 0.0156211 0.00303467
9.1 0.0152731 0.00277639
9.2 0.0149482 0.00253979
9.3 0.0146448 0.00232307
9.4 0.0143613 0.00212461
9.5 0.0140963 0.00194288
9.6 0.0138485 0.00177649
9.7 0.0136167 0.00162418
9.8 0.0133997 0.00148477
9.9 0.0131967 0.00135718
10 0.0130065 0.00124044
10.1 0.0128283 0.00113362
10.2 0.0126613 0.00103589
10.3 0.0125048 0.000946505
10.4 0.0123579 0.000864748
10.5 0.0122201 0.00078998
10.6 0.0120907 0.000721611
10.7 0.0119692 0.000659101
10.8 0.0118549 0.000601953
10.9 0.0117473 0.000549712
11 0.0116461 0.000501964
11.1 0.0115506 0.000458325
11.2 0.0114605 0.000418445
11.3 0.0113753 0.000382006
11.4 0.0112946 0.000348712
11.5 0.0112181 0.000318295
11.6 0.0111454 0.00029051
11.7 0.0110762 0.00026513
11.8 0.0110101 0.00024195
11.9 0.0109469 0.000220781
12 0.0108861 0.00020145
12.1 0.0108276 0.000183798
12.2 0.0107711 0.000167682
12.3 0.0107163 0.000152968
12.4 0.010663 0.000139537
12.5 0.010611 0.000127276
12.6 0.01056 0.000116086
12.7 0.0105098 0.000105872
12.8 0.0104603 9.65516e-05
12.9 0.0104112 8.8046e-05
13 0.0103624 8.02849e-05
13.1 0.0103136 7.32036e-05
13.2 0.0102649 6.6743e-05
13.3 0.0102159 6.08491e-05
13.4 0.0101665 5.54725e-05
13.5 0.0101167 5.05682e-05
13.6 0.0100663 4.60949e-05
13.7 0.0100151 4.20151e-05
13.8 0.00996299 3.82943e-05
13.9 0.00990992 3.49012e-05
14 0.00985573 3.18071e-05
14.1 0.00980031 2.89858e-05
14.2 0.00974355 2.64135e-05
14.3 0.00968531 2.40682e-05
14.4 0.0096255 2.19301e-05
14.5 0.00956399 1.9981e-05
14.6 0.00950065 1.82042e-05
14.7 0.00943536 1.65847e-05
14.8 0.00936799 1.51085e-05
14.9 0.00929842 1.37631e-05
15 0.0092265 1.2537e-05
15.1 0.00915209 1.14196e-05
15.2 0.00907504 1.04013e-05
15.3 0.00899522 9.47338e-06
15.4 0.00891246 8.62789e-06
15.5 0.00882659 7.85753e-06
15.6 0.00873747 7.15566e-06
15.7 0.00864491 6.51621e-06
15.8 0.00854876 5.93367e-06
15.9 0.00844883 5.40299e-06
16 0.00834496 4.91957e-06
16.1 0.00823697 4.47923e-06
16.2 0.00812467 4.07815e-06
16.3 0.00800791 3.71284e-06
16.4 0.0078865 3.38013e-06
16.5 0.00776028 3.07712e-06
16.6 0.00762909 2.80116e-06
16.7 0.00749276 2.54987e-06
16.8 0.00735117 2.32103e-06
16.9 0.00720415 2.11266e-06
17 0.00705159 1.92292e-06
17.1 0.00689336 1.75017e-06
17.2 0.00672937 1.59288e-06
17.3 0.00655953 1.44967e-06
17.4 0.00638375 1.3193e-06
17.5 0.006202 1.20061e-06
17.6 0.00601423 1.09257e-06
17.7 0.00582042 9.94214e-07
17.8 0.00562058 9.04684e-07
17.9 0.00541474 8.23191e-07
18 0.00520294 7.49015e-07
18.1 0.00498526 6.81502e-07
18.2 0.00476179 6.20056e-07
18.3 0.00453266 5.64132e-07
18.4 0.00429801 5.13237e-07
18.5 0.004058 4.6692e-07
18.6 0.00381284 4.24771e-07
18.7 0.00356275 3.86415e-07
18.8 0.00330796 3.51512e-07
18.9 0.00304874 3.19753e-07
19 0.00278538 2.90856e-07
19.1 0.00251818 2.64562e-07
19.2 0.00224748 2.40639e-07
19.3 0.00197362 2.18873e-07
19.4 0.00169697 1.99071e-07
19.5 0.00141789 1.81055e-07
19.6 0.00113677 1.64666e-07
19.7 0.000854019 1.49756e-07
19.8 0.000570032 1.36193e-07
19.9 0.000285222 1.23855e-07
