-3.5 -0.999999
-3.46875 -0.999999
-3.4375 -0.999999
-3.40625 -0.999999
-3.375 -0.999998
-3.34375 -0.999998
-3.3125 -0.999997
-3.28125 -0.999997
-3.25 -0.999996
-3.21875 -0.999995
-3.1875 -0.999993
-3.15625 -0.999992
-3.125 -0.99999
-3.09375 -0.999988
-3.0625 -0.999985
-3.03125 -0.999982
-3 -0.999978
-2.96875 -0.999973
-2.9375 -0.999967
-2.90625 -0.99996
-2.875 -0.999952
-2.84375 -0.999942
-2.8125 -0.99993
-2.78125 -0.999916
-2.75 -0.999899
-2.71875 -0.999879
-2.6875 -0.999856
-2.65625 -0.999828
-2.625 -0.999795
-2.59375 -0.999756
-2.5625 -0.99971
-2.53125 -0.999656
-2.5 -0.999593
-2.46875 -0.999519
-2.4375 -0.999433
-2.40625 -0.999333
-2.375 -0.999217
-2.34375 -0.999082
-2.3125 -0.998926
-2.28125 -0.998745
-2.25 -0.998537
-2.21875 -0.998298
-2.1875 -0.998023
-2.15625 -0.997707
-2.125 -0.997346
-2.09375 -0.996934
-2.0625 -0.996464
-2.03125 -0.995929
-2 -0.995322
-1.96875 -0.994635
-1.9375 -0.993857
-1.90625 -0.992979
-1.875 -0.99199
-1.84375 -0.990878
-1.8125 -0.989631
-1.78125 -0.988233
-1.75 -0.986672
-1.71875 -0.984929
-1.6875 -0.98299
-1.65625 -0.980834
-1.625 -0.978444
-1.59375 -0.975798
-1.5625 -0.972875
-1.53125 -0.969652
-1.5 -0.966105
-1.46875 -0.96221
-1.4375 -0.957941
-1.40625 -0.95327
-1.375 -0.94817
-1.34375 -0.942613
-1.3125 -0.936569
-1.28125 -0.930008
-1.25 -0.9229
-1.21875 -0.915215
-1.1875 -0.906922
-1.15625 -0.89799
-1.125 -0.888388
-1.09375 -0.878088
-1.0625 -0.867058
-1.03125 -0.855272
-1 -0.842701
-0.96875 -0.829319
-0.9375 -0.815102
-0.90625 -0.800028
-0.875 -0.784075
-0.84375 -0.767226
-0.8125 -0.749464
-0.78125 -0.730777
-0.75 -0.711156
-0.71875 -0.690592
-0.6875 -0.669085
-0.65625 -0.646633
-0.625 -0.623241
-0.59375 -0.598917
-0.5625 -0.573674
-0.53125 -0.547528
-0.5 -0.5205
-0.46875 -0.492613
-0.4375 -0.463898
-0.40625 -0.434387
-0.375 -0.404117
-0.34375 -0.373129
-0.3125 -0.341469
-0.28125 -0.309184
-0.25 -0.276326
-0.21875 -0.242952
-0.1875 -0.209118
-0.15625 -0.174885
-0.125 -0.140316
-0.09375 -0.105476
-0.0625 -0.070432
-0.03125 -0.0352504
0 1e-09
0.03125 0.0352505
0.0625 0.0704321
0.09375 0.105477
0.125 0.140316
0.15625 0.174885
0.1875 0.209118
0.21875 0.242952
0.25 0.276326
0.28125 0.309184
0.3125 0.341469
0.34375 0.373129
0.375 0.404117
0.40625 0.434387
0.4375 0.463898
0.46875 0.492614
0.5 0.5205
0.53125 0.547529
0.5625 0.573675
0.59375 0.598917
0.625 0.623241
0.65625 0.646633
0.6875 0.669085
0.71875 0.690592
0.75 0.711156
0.78125 0.730777
0.8125 0.749464
0.84375 0.767226
0.875 0.784075
0.90625 0.800028
0.9375 0.815102
0.96875 0.829319
1 0.842701
1.03125 0.855272
1.0625 0.867058
1.09375 0.878088
1.125 0.888388
1.15625 0.89799
1.1875 0.906922
1.21875 0.915215
1.25 0.9229
1.28125 0.930008
1.3125 0.936569
1.34375 0.942613
1.375 0.94817
1.40625 0.95327
1.4375 0.957941
1.46875 0.96221
1.5 0.966105
1.53125 0.969652
1.5625 0.972875
1.59375 0.975798
1.625 0.978444
1.65625 0.980834
1.6875 0.98299
1.71875 0.984929
1.75 0.986672
1.78125 0.988233
1.8125 0.989631
1.84375 0.990878
1.875 0.99199
1.90625 0.992979
1.9375 0.993857
1.96875 0.994634
2 0.995322
2.03125 0.995929
2.0625 0.996464
2.09375 0.996934
2.125 0.997346
2.15625 0.997707
2.1875 0.998022
2.21875 0.998298
2.25 0.998537
2.28125 0.998745
2.3125 0.998926
2.34375 0.999082
2.375 0.999217
2.40625 0.999333
2.4375 0.999433
2.46875 0.999519
2.5 0.999593
2.53125 0.999656
2.5625 0.99971
2.59375 0.999756
2.625 0.999795
2.65625 0.999828
2.6875 0.999856
2.71875 0.999879
2.75 0.999899
2.78125 0.999916
2.8125 0.99993
2.84375 0.999942
2.875 0.999952
2.90625 0.99996
2.9375 0.999967
2.96875 0.999973
3 0.999978
3.03125 0.999982
3.0625 0.999985
3.09375 0.999988
3.125 0.99999
3.15625 0.999992
3.1875 0.999993
3.21875 0.999995
3.25 0.999996
3.28125 0.999997
3.3125 0.999997
3.34375 0.999998
3.375 0.999998
3.40625 0.999999
3.4375 0.999999
3.46875 0.999999
3.5 0.999999
