0.03125 3.44849
0.0625 2.73963
0.09375 2.31993
0.125 2.01942
0.15625 1.7848
0.1875 1.59231
0.21875 1.42925
0.25 1.28802
0.28125 1.16371
0.3125 1.05295
0.34375 0.953333
0.375 0.863074
0.40625 0.78081
0.4375 0.705476
0.46875 0.636224
0.5 0.572365
0.53125 0.513333
0.5625 0.458655
0.59375 0.407934
0.625 0.360829
0.65625 0.31705
0.6875 0.276341
0.71875 0.238483
0.75 0.203281
0.78125 0.170563
0.8125 0.140175
0.84375 0.111982
0.875 0.0858587
0.90625 0.0616954
0.9375 0.0393909
0.96875 0.0188537
1 -1.09351e-08
1.03125 -0.0172468
1.0625 -0.0329571
1.09375 -0.0471959
1.125 -0.0600232
1.15625 -0.0714945
1.1875 -0.0816616
1.21875 -0.0905724
1.25 -0.0982718
1.28125 -0.104802
1.3125 -0.110201
1.34375 -0.114508
1.375 -0.117755
1.40625 -0.119977
1.4375 -0.121202
1.46875 -0.121462
1.5 -0.120782
1.53125 -0.11919
1.5625 -0.116709
1.59375 -0.113363
1.625 -0.109174
1.65625 -0.104164
1.6875 -0.0983524
1.71875 -0.0917587
1.75 -0.0844011
1.78125 -0.0762973
1.8125 -0.0674641
1.84375 -0.0579174
1.875 -0.0476727
1.90625 -0.0367447
1.9375 -0.0251476
1.96875 -0.012895
2 -1.09351e-08
