-5 -4.27551e+13
-4.99219 -1.08108
-4.98438 -0.54795
-4.97656 -0.370377
-4.96875 -0.281698
-4.96094 -0.228577
-4.95312 -0.193239
-4.94531 -0.168063
-4.9375 -0.149241
-4.92969 -0.134656
-4.92188 -0.123039
-4.91406 -0.113582
-4.90625 -0.105745
-4.89844 -0.0991572
-4.89062 -0.0935511
-4.88281 -0.0887318
-4.875 -0.0845529
-4.86719 -0.0809027
-4.85938 -0.0776942
-4.85156 -0.0748586
-4.84375 -0.0723413
-4.83594 -0.0700978
-4.82812 -0.0680919
-4.82031 -0.0662937
-4.8125 -0.0646784
-4.80469 -0.063225
-4.79688 -0.0619161
-4.78906 -0.0607367
-4.78125 -0.059674
-4.77344 -0.0587171
-4.76562 -0.0578565
-4.75781 -0.0570841
-4.75 -0.0563929
-4.74219 -0.0557765
-4.73438 -0.0552296
-4.72656 -0.0547476
-4.71875 -0.0543261
-4.71094 -0.0539617
-4.70312 -0.0536511
-4.69531 -0.0533915
-4.6875 -0.0531804
-4.67969 -0.0530158
-4.67188 -0.0528956
-4.66406 -0.0528184
-4.65625 -0.0527826
-4.64844 -0.0527871
-4.64062 -0.0528309
-4.63281 -0.0529131
-4.625 -0.053033
-4.61719 -0.05319
-4.60938 -0.0533838
-4.60156 -0.0536142
-4.59375 -0.0538808
-4.58594 -0.0541838
-4.57812 -0.0545232
-4.57031 -0.0548992
-4.5625 -0.0553121
-4.55469 -0.0557624
-4.54688 -0.0562505
-4.53906 -0.0567772
-4.53125 -0.0573432
-4.52344 -0.0579494
-4.51562 -0.0585967
-4.50781 -0.0592864
-4.5 -0.0600196
-4.49219 -0.0607978
-4.48438 -0.0616224
-4.47656 -0.0624952
-4.46875 -0.063418
-4.46094 -0.0643927
-4.45312 -0.0654217
-4.44531 -0.0665072
-4.4375 -0.0676519
-4.42969 -0.0688585
-4.42188 -0.0701302
-4.41406 -0.0714702
-4.40625 -0.0728822
-4.39844 -0.07437
-4.39062 -0.075938
-4.38281 -0.0775908
-4.375 -0.0793335
-4.36719 -0.0811716
-4.35938 -0.0831112
-4.35156 -0.0851588
-4.34375 -0.0873216
-4.33594 -0.0896077
-4.32812 -0.0920256
-4.32031 -0.094585
-4.3125 -0.0972965
-4.30469 -0.100172
-4.29688 -0.103224
-4.28906 -0.106467
-4.28125 -0.109916
-4.27344 -0.113591
-4.26562 -0.117511
-4.25781 -0.121697
-4.25 -0.126177
-4.24219 -0.130977
-4.23438 -0.13613
-4.22656 -0.141674
-4.21875 -0.14765
-4.21094 -0.154106
-4.20312 -0.161099
-4.19531 -0.168694
-4.1875 -0.176966
-4.17969 -0.186004
-4.17188 -0.195913
-4.16406 -0.206819
-4.15625 -0.218871
-4.14844 -0.232253
-4.14062 -0.247186
-4.13281 -0.263945
-4.125 -0.282874
-4.11719 -0.304408
-4.10938 -0.329108
-4.10156 -0.357705
-4.09375 -0.391177
-4.08594 -0.430854
-4.07812 -0.478602
-4.07031 -0.537114
-4.0625 -0.610429
-4.05469 -0.704896
-4.04688 -0.831098
-4.03906 -1.00808
-4.03125 -1.27394
-4.02344 -1.71756
-4.01562 -2.60562
-4.00781 -5.27144
-4 2.67219e+14
-3.99219 5.39696
-3.98438 2.73119
-3.97656 1.84321
-3.96875 1.39968
-3.96094 1.13396
-3.95312 0.957135
-3.94531 0.831124
-3.9375 0.736878
-3.92969 0.663814
-3.92188 0.605584
-3.91406 0.558148
-3.90625 0.518813
-3.89844 0.485715
-3.89062 0.457523
-3.88281 0.433261
-3.875 0.412196
-3.86719 0.393769
-3.85938 0.377545
-3.85156 0.363181
-3.84375 0.350403
-3.83594 0.338989
-3.82812 0.328756
-3.82031 0.319556
-3.8125 0.311265
-3.80469 0.303777
-3.79688 0.297004
-3.78906 0.290872
-3.78125 0.285316
-3.77344 0.280282
-3.76562 0.275722
-3.75781 0.271596
-3.75 0.267866
-3.74219 0.264503
-3.73438 0.261478
-3.72656 0.258768
-3.71875 0.256351
-3.71094 0.25421
-3.70312 0.252328
-3.69531 0.25069
-3.6875 0.249283
-3.67969 0.248097
-3.67188 0.247122
-3.66406 0.246348
-3.65625 0.245769
-3.64844 0.245378
-3.64062 0.245168
-3.63281 0.245136
-3.625 0.245277
-3.61719 0.245588
-3.60938 0.246066
-3.60156 0.246709
-3.59375 0.247515
-3.58594 0.248484
-3.57812 0.249614
-3.57031 0.250906
-3.5625 0.252361
-3.55469 0.25398
-3.54688 0.255764
-3.53906 0.257715
-3.53125 0.259836
-3.52344 0.26213
-3.51562 0.264601
-3.50781 0.267252
-3.5 0.270088
-3.49219 0.273115
-3.48438 0.276338
-3.47656 0.279764
-3.46875 0.283399
-3.46094 0.287252
-3.45312 0.291331
-3.44531 0.295645
-3.4375 0.300205
-3.42969 0.305022
-3.42188 0.310107
-3.41406 0.315474
-3.40625 0.321137
-3.39844 0.327112
-3.39062 0.333415
-3.38281 0.340066
-3.375 0.347084
-3.36719 0.354492
-3.35938 0.362313
-3.35156 0.370574
-3.34375 0.379303
-3.33594 0.388533
-3.32812 0.398298
-3.32031 0.408637
-3.3125 0.419591
-3.30469 0.431208
-3.29688 0.443539
-3.28906 0.456642
-3.28125 0.47058
-3.27344 0.485425
-3.26562 0.501257
-3.25781 0.518165
-3.25 0.536251
-3.24219 0.555628
-3.23438 0.576426
-3.22656 0.598793
-3.21875 0.622897
-3.21094 0.648932
-3.20312 0.677121
-3.19531 0.707724
-3.1875 0.741044
-3.17969 0.777438
-3.17188 0.817325
-3.16406 0.861207
-3.15625 0.909684
-3.14844 0.963486
-3.14062 1.0235
-3.13281 1.09083
-3.125 1.16685
-3.11719 1.25331
-3.10938 1.35243
-3.10156 1.46715
-3.09375 1.60138
-3.08594 1.76044
-3.07812 1.9518
-3.07031 2.18622
-3.0625 2.47987
-3.05469 2.85813
-3.04688 3.36335
-3.03906 4.0717
-3.03125 5.13557
-3.02344 6.91052
-3.01562 10.4632
-3.00781 21.1269
-3 -1.42517e+15
-2.99219 -21.5457
-2.98438 -10.8821
-2.97656 -7.32963
-2.96875 -5.555
-2.96094 -4.49153
-2.95312 -3.78367
-2.94531 -3.27905
-2.9375 -2.90146
-2.92969 -2.60858
-2.92188 -2.37502
-2.91406 -2.18463
-2.90625 -2.02661
-2.89844 -1.89353
-2.89062 -1.78005
-2.88281 -1.68227
-2.875 -1.59726
-2.86719 -1.52278
-2.85938 -1.45709
-2.85156 -1.39882
-2.84375 -1.34686
-2.83594 -1.30034
-2.82812 -1.25852
-2.82031 -1.22081
-2.8125 -1.1867
-2.80469 -1.15577
-2.79688 -1.12769
-2.78906 -1.10213
-2.78125 -1.07885
-2.77344 -1.05763
-2.76562 -1.03827
-2.75781 -1.02061
-2.75 -1.0045
-2.74219 -0.989818
-2.73438 -0.976456
-2.72656 -0.964314
-2.71875 -0.953307
-2.71094 -0.943358
-2.70312 -0.934401
-2.69531 -0.926377
-2.6875 -0.919232
-2.67969 -0.91292
-2.67188 -0.9074
-2.66406 -0.902635
-2.65625 -0.898593
-2.64844 -0.895245
-2.64062 -0.892566
-2.63281 -0.890534
-2.625 -0.889131
-2.61719 -0.888339
-2.60938 -0.888145
-2.60156 -0.888538
-2.59375 -0.889507
-2.58594 -0.891047
-2.57812 -0.89315
-2.57031 -0.895815
-2.5625 -0.899038
-2.55469 -0.90282
-2.54688 -0.907163
-2.53906 -0.912071
-2.53125 -0.917547
-2.52344 -0.9236
-2.51562 -0.930237
-2.50781 -0.93747
-2.5 -0.945309
-2.49219 -0.953769
-2.48438 -0.962865
-2.47656 -0.972616
-2.46875 -0.98304
-2.46094 -0.994161
-2.45312 -1.006
-2.44531 -1.01859
-2.4375 -1.03196
-2.42969 -1.04613
-2.42188 -1.06115
-2.41406 -1.07705
-2.40625 -1.09387
-2.39844 -1.11167
-2.39062 -1.13049
-2.38281 -1.15038
-2.375 -1.17141
-2.36719 -1.19364
-2.35938 -1.21714
-2.35156 -1.242
-2.34375 -1.2683
-2.33594 -1.29612
-2.32812 -1.32559
-2.32031 -1.3568
-2.3125 -1.3899
-2.30469 -1.42501
-2.29688 -1.46229
-2.28906 -1.50192
-2.28125 -1.54409
-2.27344 -1.58901
-2.26562 -1.63692
-2.25781 -1.68808
-2.25 -1.74281
-2.24219 -1.80145
-2.23438 -1.86438
-2.22656 -1.93204
-2.21875 -2.00495
-2.21094 -2.08368
-2.20312 -2.1689
-2.19531 -2.2614
-2.1875 -2.36208
-2.17969 -2.47201
-2.17188 -2.59245
-2.16406 -2.72491
-2.15625 -2.87119
-2.14844 -3.03348
-2.14062 -3.21444
-2.13281 -3.41738
-2.125 -3.64642
-2.11719 -3.90679
-2.10938 -4.20521
-2.10156 -4.55046
-2.09375 -4.95427
-2.08594 -5.43262
-2.07812 -6.00788
-2.07031 -6.71238
-2.0625 -7.59459
-2.05469 -8.73071
-2.04688 -10.2477
-2.03906 -12.3742
-2.03125 -15.5672
-2.02344 -20.8935
-2.01562 -31.5531
-2.00781 -63.5459
-2 6.41326e+15
-1.99219 64.4688
-1.98438 32.4762
-1.97656 21.8171
-1.96875 16.4914
-1.96094 13.2991
-1.95312 11.1737
-1.94531 9.65781
-1.9375 8.52303
-1.92969 7.64233
-1.92188 6.93952
-1.91406 6.36614
-1.90625 5.88985
-1.89844 5.48828
-1.89062 5.14546
-1.88281 4.84967
-1.875 4.59212
-1.86719 4.36609
-1.85938 4.16636
-1.85156 3.98881
-1.84375 3.83014
-1.83594 3.68768
-1.82812 3.55925
-1.82031 3.44305
-1.8125 3.33758
-1.80469 3.24159
-1.79688 3.154
-1.78906 3.07391
-1.78125 3.00056
-1.77344 2.93326
-1.76562 2.87146
-1.75781 2.81464
-1.75 2.76237
-1.74219 2.71427
-1.73438 2.67
-1.72656 2.62926
-1.71875 2.5918
-1.71094 2.55739
-1.70312 2.5258
-1.69531 2.49688
-1.6875 2.47044
-1.67969 2.44634
-1.67188 2.42446
-1.66406 2.40468
-1.65625 2.38689
-1.64844 2.371
-1.64062 2.35693
-1.63281 2.34461
-1.625 2.33397
-1.61719 2.32495
-1.60938 2.3175
-1.60156 2.31159
-1.59375 2.30716
-1.58594 2.30419
-1.57812 2.30265
-1.57031 2.30252
-1.5625 2.30378
-1.55469 2.30642
-1.54688 2.31043
-1.53906 2.3158
-1.53125 2.32254
-1.52344 2.33065
-1.51562 2.34013
-1.50781 2.351
-1.5 2.36327
-1.49219 2.37697
-1.48438 2.39212
-1.47656 2.40874
-1.46875 2.42688
-1.46094 2.44657
-1.45312 2.46785
-1.44531 2.49077
-1.4375 2.51539
-1.42969 2.54177
-1.42188 2.56997
-1.41406 2.60006
-1.40625 2.63213
-1.39844 2.66627
-1.39062 2.70257
-1.38281 2.74114
-1.375 2.7821
-1.36719 2.82557
-1.35938 2.8717
-1.35156 2.92064
-1.34375 2.97257
-1.33594 3.02766
-1.32812 3.08613
-1.32031 3.14821
-1.3125 3.21413
-1.30469 3.2842
-1.29688 3.3587
-1.28906 3.438
-1.28125 3.52246
-1.27344 3.61251
-1.26562 3.70864
-1.25781 3.81138
-1.25 3.92133
-1.24219 4.03919
-1.23438 4.16572
-1.22656 4.30181
-1.21875 4.44848
-1.21094 4.60688
-1.20312 4.77836
-1.19531 4.96448
-1.1875 5.16705
-1.17969 5.38821
-1.17188 5.63048
-1.16406 5.89688
-1.15625 6.19101
-1.14844 6.51724
-1.14062 6.88091
-1.13281 7.28863
-1.125 7.74864
-1.11719 8.2714
-1.10938 8.87035
-1.10156 9.56308
-1.09375 10.373
-1.08594 11.3321
-1.07812 12.4851
-1.07031 13.8967
-1.0625 15.6638
-1.05469 17.9389
-1.04688 20.9758
-1.03906 25.2317
-1.03125 31.6209
-1.02344 42.2767
-1.01562 63.5992
-1.00781 127.588
-1 -2.56531e+16
-0.992188 -128.434
-0.984375 -64.445
-0.976562 -43.1228
-0.96875 -32.4674
-0.960938 -26.0788
-0.953125 -21.8236
-0.945312 -18.7875
-0.9375 -16.5134
-0.929688 -14.7473
-0.921875 -13.3369
-0.914062 -12.1852
-0.90625 -11.2275
-0.898438 -10.4192
-0.890625 -9.72814
-0.882812 -9.13102
-0.875 -8.61022
-0.867188 -8.15231
-0.859375 -7.74683
-0.851562 -7.38553
-0.84375 -7.06182
-0.835938 -6.77035
-0.828125 -6.50676
-0.820312 -6.26743
-0.8125 -6.04937
-0.804688 -5.85005
-0.796875 -5.66734
-0.789062 -5.49942
-0.78125 -5.34474
-0.773438 -5.20196
-0.765625 -5.06992
-0.757812 -4.94761
-0.75 -4.83415
-0.742188 -4.72876
-0.734375 -4.63078
-0.726562 -4.53959
-0.71875 -4.45466
-0.710938 -4.37553
-0.703125 -4.30176
-0.695312 -4.23298
-0.6875 -4.16886
-0.679688 -4.10909
-0.671875 -4.05339
-0.664062 -4.00153
-0.65625 -3.95328
-0.648438 -3.90845
-0.640625 -3.86684
-0.632812 -3.82831
-0.625 -3.7927
-0.617188 -3.75988
-0.609375 -3.72973
-0.601562 -3.70215
-0.59375 -3.67704
-0.585938 -3.6543
-0.578125 -3.63387
-0.570312 -3.61568
-0.5625 -3.59966
-0.554688 -3.58577
-0.546875 -3.57395
-0.539062 -3.56417
-0.53125 -3.55639
-0.523438 -3.55059
-0.515625 -3.54676
-0.507812 -3.54486
-0.5 -3.54491
-0.492188 -3.54689
-0.484375 -3.5508
-0.476562 -3.55666
-0.46875 -3.56448
-0.460938 -3.57428
-0.453125 -3.58609
-0.445312 -3.59994
-0.4375 -3.61588
-0.429688 -3.63393
-0.421875 -3.65417
-0.414062 -3.67665
-0.40625 -3.70144
-0.398438 -3.72861
-0.390625 -3.75826
-0.382812 -3.79048
-0.375 -3.82538
-0.367188 -3.86308
-0.359375 -3.90372
-0.351562 -3.94743
-0.34375 -3.99439
-0.335938 -4.04477
-0.328125 -4.09877
-0.320312 -4.15661
-0.3125 -4.21855
-0.304688 -4.28485
-0.296875 -4.35582
-0.289062 -4.43179
-0.28125 -4.51315
-0.273438 -4.60031
-0.265625 -4.69375
-0.257812 -4.794
-0.25 -4.90167
-0.242188 -5.01743
-0.234375 -5.14206
-0.226562 -5.27644
-0.21875 -5.42159
-0.210938 -5.57865
-0.203125 -5.74897
-0.195312 -5.9341
-0.1875 -6.13587
-0.179688 -6.3564
-0.171875 -6.59822
-0.164062 -6.86433
-0.15625 -7.15835
-0.148438 -7.48464
-0.140625 -7.84854
-0.132812 -8.25665
-0.125 -8.71722
-0.117188 -9.24071
-0.109375 -9.84055
-0.101562 -10.5343
-0.09375 -11.3455
-0.0859375 -12.306
-0.078125 -13.4605
-0.0703125 -14.8738
-0.0625 -16.6428
-0.0546875 -18.9199
-0.046875 -21.959
-0.0390625 -26.2173
-0.03125 -32.609
-0.0234375 -43.2676
-0.015625 -64.5929
-0.0078125 -128.585
0 inf
0.0078125 127.43
0.015625 63.438
0.0234375 42.1121
0.03125 31.4528
0.0390625 25.0601
0.046875 20.8006
0.0546875 17.76
0.0625 15.4813
0.0703125 13.7104
0.078125 12.2949
0.0859375 11.138
0.09375 10.1749
0.101562 9.36096
0.109375 8.66412
0.117188 8.06097
0.125 7.53394
0.132812 7.06958
0.140625 6.65743
0.148438 6.28924
0.15625 5.95841
0.164062 5.65959
0.171875 5.38841
0.179688 5.14125
0.1875 4.91511
0.195312 4.70746
0.203125 4.51616
0.210938 4.33939
0.21875 4.17558
0.226562 4.02339
0.234375 3.88166
0.242188 3.74936
0.25 3.62561
0.257812 3.50963
0.265625 3.40073
0.273438 3.29829
0.28125 3.20179
0.289062 3.11073
0.296875 3.02467
0.304688 2.94325
0.3125 2.86609
0.320312 2.7929
0.328125 2.72337
0.335938 2.65727
0.34375 2.59434
0.351562 2.53438
0.359375 2.4772
0.367188 2.4226
0.375 2.37044
0.382812 2.32055
0.390625 2.27281
0.398438 2.22707
0.40625 2.18324
0.414062 2.14119
0.421875 2.10083
0.429688 2.06207
0.4375 2.02481
0.445312 1.98898
0.453125 1.9545
0.460938 1.92131
0.46875 1.88933
0.476562 1.85851
0.484375 1.8288
0.492188 1.80013
0.5 1.77245
0.507812 1.74573
0.515625 1.71992
0.523438 1.69497
0.53125 1.67085
0.539062 1.64752
0.546875 1.62495
0.554688 1.6031
0.5625 1.58195
0.570312 1.56146
0.578125 1.5416
0.585938 1.52236
0.59375 1.50371
0.601562 1.48562
0.609375 1.46807
0.617188 1.45104
0.625 1.43452
0.632812 1.41848
0.640625 1.4029
0.648438 1.38777
0.65625 1.37307
0.664062 1.35879
0.671875 1.34491
0.679688 1.33142
0.6875 1.3183
0.695312 1.30554
0.703125 1.29313
0.710938 1.28106
0.71875 1.26932
0.726562 1.2579
0.734375 1.24678
0.742188 1.23595
0.75 1.22542
0.757812 1.21516
0.765625 1.20517
0.773438 1.19544
0.78125 1.18597
0.789062 1.17675
0.796875 1.16776
0.804688 1.159
0.8125 1.15048
0.820312 1.14217
0.828125 1.13407
0.835938 1.12618
0.84375 1.11849
0.851562 1.111
0.859375 1.1037
0.867188 1.09659
0.875 1.08965
0.882812 1.0829
0.890625 1.07631
0.898438 1.06989
0.90625 1.06364
0.914062 1.05754
0.921875 1.0516
0.929688 1.04582
0.9375 1.04018
0.945312 1.03468
0.953125 1.02933
0.960938 1.02411
0.96875 1.01903
0.976562 1.01408
0.984375 1.00926
0.992188 1.00457
1 1
1.00781 0.99555
1.01562 0.991219
1.02344 0.987003
1.03125 0.982901
1.03906 0.97891
1.04688 0.975027
1.05469 0.971251
1.0625 0.96758
1.07031 0.964011
1.07812 0.960543
1.08594 0.957173
1.09375 0.953901
1.10156 0.950723
1.10938 0.947638
1.11719 0.944645
1.125 0.941743
1.13281 0.938928
1.14062 0.936201
1.14844 0.933559
1.15625 0.931001
1.16406 0.928526
1.17188 0.926132
1.17969 0.923819
1.1875 0.921584
1.19531 0.919426
1.20312 0.917345
1.21094 0.91534
1.21875 0.913408
1.22656 0.91155
1.23438 0.909763
1.24219 0.908048
1.25 0.906402
1.25781 0.904826
1.26562 0.903318
1.27344 0.901877
1.28125 0.900503
1.28906 0.899194
1.29688 0.89795
1.30469 0.89677
1.3125 0.895654
1.32031 0.894599
1.32812 0.893607
1.33594 0.892676
1.34375 0.891805
1.35156 0.890994
1.35938 0.890242
1.36719 0.889549
1.375 0.888914
1.38281 0.888336
1.39062 0.887815
1.39844 0.88735
1.40625 0.886941
1.41406 0.886588
1.42188 0.886289
1.42969 0.886045
1.4375 0.885855
1.44531 0.885718
1.45312 0.885634
1.46094 0.885603
1.46875 0.885625
1.47656 0.885698
1.48438 0.885823
1.49219 0.886
1.5 0.886227
1.50781 0.886505
1.51562 0.886833
1.52344 0.887211
1.53125 0.887639
1.53906 0.888117
1.54688 0.888644
1.55469 0.88922
1.5625 0.889844
1.57031 0.890518
1.57812 0.891239
1.58594 0.892009
1.59375 0.892827
1.60156 0.893692
1.60938 0.894605
1.61719 0.895566
1.625 0.896574
1.63281 0.89763
1.64062 0.898732
1.64844 0.899881
1.65625 0.901078
1.66406 0.902321
1.67188 0.90361
1.67969 0.904947
1.6875 0.906329
1.69531 0.907759
1.70312 0.909235
1.71094 0.910757
1.71875 0.912325
1.72656 0.91394
1.73438 0.915601
1.74219 0.917309
1.75 0.919063
1.75781 0.920863
1.76562 0.922709
1.77344 0.924602
1.78125 0.926541
1.78906 0.928526
1.79688 0.930558
1.80469 0.932636
1.8125 0.934761
1.82031 0.936933
1.82812 0.939151
1.83594 0.941416
1.84375 0.943728
1.85156 0.946087
1.85938 0.948493
1.86719 0.950946
1.875 0.953446
1.88281 0.955993
1.89062 0.958589
1.89844 0.961232
1.90625 0.963922
1.91406 0.966661
1.92188 0.969448
1.92969 0.972283
1.9375 0.975166
1.94531 0.978098
1.95312 0.981079
1.96094 0.984109
1.96875 0.987188
1.97656 0.990316
1.98438 0.993494
1.99219 0.996722
2 1
2.00781 1.00333
2.01562 1.00671
2.02344 1.01014
2.03125 1.01362
2.03906 1.01715
2.04688 1.02073
2.05469 1.02437
2.0625 1.02805
2.07031 1.03179
2.07812 1.03559
2.08594 1.03943
2.09375 1.04333
2.10156 1.04728
2.10938 1.05129
2.11719 1.05535
2.125 1.05946
2.13281 1.06363
2.14062 1.06785
2.14844 1.07213
2.15625 1.07647
2.16406 1.08086
2.17188 1.08531
2.17969 1.08982
2.1875 1.09438
2.19531 1.099
2.20312 1.10368
2.21094 1.10842
2.21875 1.11322
2.22656 1.11807
2.23438 1.12299
2.24219 1.12797
2.25 1.133
2.25781 1.1381
2.26562 1.14326
2.27344 1.14848
2.28125 1.15377
2.28906 1.15912
2.29688 1.16453
2.30469 1.17001
2.3125 1.17555
2.32031 1.18115
2.32812 1.18682
2.33594 1.19256
2.34375 1.19836
2.35156 1.20423
2.35938 1.21017
2.36719 1.21618
2.375 1.22226
2.38281 1.2284
2.39062 1.23462
2.39844 1.2409
2.40625 1.24726
2.41406 1.25369
2.42188 1.26019
2.42969 1.26677
2.4375 1.27342
2.44531 1.28014
2.45312 1.28694
2.46094 1.29381
2.46875 1.30076
2.47656 1.30779
2.48438 1.31489
2.49219 1.32208
2.5 1.32934
2.50781 1.33668
2.51562 1.34411
2.52344 1.35161
2.53125 1.3592
2.53906 1.36687
2.54688 1.37462
2.55469 1.38246
2.5625 1.39038
2.57031 1.39839
2.57812 1.40649
2.58594 1.41467
2.59375 1.42294
2.60156 1.4313
2.60938 1.43976
2.61719 1.4483
2.625 1.45693
2.63281 1.46566
2.64062 1.47448
2.64844 1.4834
2.65625 1.49241
2.66406 1.50152
2.67188 1.51072
2.67969 1.52003
2.6875 1.52943
2.69531 1.53893
2.70312 1.54854
2.71094 1.55825
2.71875 1.56806
2.72656 1.57797
2.73438 1.588
2.74219 1.59812
2.75 1.60836
2.75781 1.6187
2.76562 1.62916
2.77344 1.63972
2.78125 1.6504
2.78906 1.66119
2.79688 1.6721
2.80469 1.68312
2.8125 1.69425
2.82031 1.70551
2.82812 1.71689
2.83594 1.72838
2.84375 1.74
2.85156 1.75174
2.85938 1.7636
2.86719 1.77559
2.875 1.78771
2.88281 1.79996
2.89062 1.81233
2.89844 1.82484
2.90625 1.83748
2.91406 1.85025
2.92188 1.86316
2.92969 1.8762
2.9375 1.88938
2.94531 1.90271
2.95312 1.91617
2.96094 1.92978
2.96875 1.94353
2.97656 1.95742
2.98438 1.97147
2.99219 1.98566
3 2
3.00781 2.01449
3.01562 2.02914
3.02344 2.04395
3.03125 2.05891
3.03906 2.07403
3.04688 2.08931
3.05469 2.10475
3.0625 2.12036
3.07031 2.13613
3.07812 2.15208
3.08594 2.16819
3.09375 2.18447
3.10156 2.20093
3.10938 2.21756
3.11719 2.23437
3.125 2.25135
3.13281 2.26852
3.14062 2.28588
3.14844 2.30341
3.15625 2.32114
3.16406 2.33905
3.17188 2.35716
3.17969 2.37546
3.1875 2.39396
3.19531 2.41265
3.20312 2.43155
3.21094 2.45065
3.21875 2.46995
3.22656 2.48946
3.23438 2.50918
3.24219 2.52911
3.25 2.54926
3.25781 2.56962
3.26562 2.5902
3.27344 2.61101
3.28125 2.63204
3.28906 2.65329
3.29688 2.67478
3.30469 2.6965
3.3125 2.71845
3.32031 2.74064
3.32812 2.76307
3.33594 2.78574
3.34375 2.80866
3.35156 2.83183
3.35938 2.85525
3.36719 2.87893
3.375 2.90286
3.38281 2.92705
3.39062 2.95151
3.39844 2.97623
3.40625 3.00122
3.41406 3.02649
3.42188 3.05203
3.42969 3.07785
3.4375 3.10395
3.44531 3.13034
3.45312 3.15702
3.46094 3.18399
3.46875 3.21125
3.47656 3.23882
3.48438 3.26669
3.49219 3.29487
3.5 3.32335
3.50781 3.35215
3.51562 3.38127
3.52344 3.41071
3.53125 3.44047
3.53906 3.47056
3.54688 3.50099
3.55469 3.53175
3.5625 3.56285
3.57031 3.5943
3.57812 3.6261
3.58594 3.65825
3.59375 3.69076
3.60156 3.72363
3.60938 3.75686
3.61719 3.79047
3.625 3.82445
3.63281 3.85881
3.64062 3.89355
3.64844 3.92869
3.65625 3.96421
3.66406 4.00014
3.67188 4.03646
3.67969 4.0732
3.6875 4.11035
3.69531 4.14791
3.70312 4.1859
3.71094 4.22431
3.71875 4.26316
3.72656 4.30245
3.73438 4.34218
3.74219 4.38236
3.75 4.42299
3.75781 4.46408
3.76562 4.50564
3.77344 4.54767
3.78125 4.59018
3.78906 4.63317
3.79688 4.67664
3.80469 4.72062
3.8125 4.76509
3.82031 4.81007
3.82812 4.85557
3.83594 4.90158
3.84375 4.94812
3.85156 4.99519
3.85938 5.0428
3.86719 5.09096
3.875 5.13967
3.88281 5.18894
3.89062 5.23877
3.89844 5.28918
3.90625 5.34017
3.91406 5.39174
3.92188 5.44391
3.92969 5.49668
3.9375 5.55007
3.94531 5.60406
3.95312 5.65869
3.96094 5.71395
3.96875 5.76984
3.97656 5.82639
3.98438 5.88359
3.99219 5.94146
4 6
4.00781 6.05922
4.01562 6.11914
4.02344 6.17975
4.03125 6.24107
4.03906 6.3031
4.04688 6.36587
4.05469 6.42936
4.0625 6.49361
4.07031 6.5586
4.07812 6.62436
4.08594 6.69089
4.09375 6.7582
4.10156 6.82631
4.10938 6.89522
4.11719 6.96494
4.125 7.03548
4.13281 7.10686
4.14062 7.17908
4.14844 7.25215
4.15625 7.3261
4.16406 7.40091
4.17188 7.47662
4.17969 7.55322
4.1875 7.63074
4.19531 7.70918
4.20312 7.78855
4.21094 7.86887
4.21875 7.95015
4.22656 8.03239
4.23438 8.11562
4.24219 8.19985
4.25 8.28509
4.25781 8.37134
4.26562 8.45863
4.27344 8.54697
4.28125 8.63637
4.28906 8.72685
4.29688 8.81841
4.30469 8.91108
4.3125 9.00486
4.32031 9.09978
4.32812 9.19584
4.33594 9.29307
4.34375 9.39147
4.35156 9.49106
4.35938 9.59186
4.36719 9.69388
4.375 9.79715
4.38281 9.90166
4.39062 10.0075
4.39844 10.1145
4.40625 10.2229
4.41406 10.3326
4.42188 10.4437
4.42969 10.5561
4.4375 10.6698
4.44531 10.785
4.45312 10.9016
4.46094 11.0196
4.46875 11.139
4.47656 11.26
4.48438 11.3824
4.49219 11.5063
4.5 11.6317
4.50781 11.7587
4.51562 11.8873
4.52344 12.0174
4.53125 12.1492
4.53906 12.2825
4.54688 12.4176
4.55469 12.5543
4.5625 12.6927
4.57031 12.8328
4.57812 12.9746
4.58594 13.1183
4.59375 13.2637
4.60156 13.4109
4.60938 13.5599
4.61719 13.7108
4.625 13.8636
4.63281 14.0183
4.64062 14.175
4.64844 14.3336
4.65625 14.4942
4.66406 14.6568
4.67188 14.8214
4.67969 14.9881
4.6875 15.1569
4.69531 15.3278
4.70312 15.5009
4.71094 15.6762
4.71875 15.8536
4.72656 16.0333
4.73438 16.2153
4.74219 16.3996
4.75 16.5862
4.75781 16.7752
4.76562 16.9666
4.77344 17.1603
4.78125 17.3566
4.78906 17.5554
4.79688 17.7566
4.80469 17.9605
4.8125 18.1669
4.82031 18.376
4.82812 18.5877
4.83594 18.8022
4.84375 19.0193
4.85156 19.2393
4.85938 19.4621
4.86719 19.6877
4.875 19.9162
4.88281 20.1477
4.89062 20.3821
4.89844 20.6195
4.90625 20.86
4.91406 21.1036
4.92188 21.3503
4.92969 21.6002
4.9375 21.8534
4.94531 22.1098
4.95312 22.3695
4.96094 22.6326
4.96875 22.8991
4.97656 23.169
4.98438 23.4424
4.99219 23.7194
5 24
