-6 -0.0743196
-5.9586073148417746381 -0.07431889000307670412
-5.9172146296835501644 -0.074317735245882796113
-5.8758219445253248026 -0.074316663594229281919
-5.8344292593670994407 -0.074315977636897692649
-5.793036574208874967 -0.074314893548071872531
-5.7516438890506496051 -0.074312708306000313518
-5.7102512038924242432 -0.074312957968412779453
-5.6688585187341997695 -0.07431245677344679168
-5.6274658335759744077 -0.074312497133711949426
-5.5860731484177490458 -0.074312257472517295742
-5.5446804632595245721 -0.074311840189962480308
-5.5032877781012992102 -0.074310279664680345402
-5.4618950929430738483 -0.074307519331301821741
-5.4205024077848493747 -0.074305319075420692143
-5.3791097226266240128 -0.074304202781680150913
-5.3377170374683986509 -0.074301523050885789901
-5.2963243523101741772 -0.074297839155259948196
-5.2549316671519488153 -0.074296841101249164185
-5.2135389819937234535 -0.074296416173610019262
-5.1721462968354989798 -0.074295260575792498869
-5.1307536116772736179 -0.07429328806192884993
-5.089360926519048256 -0.074291479676298483037
-5.0479682413608237823 -0.07428730849923992352
-5.0065755562025984204 -0.074279313045676531591
-4.9651828710443730586 -0.074276430378489272099
-4.9237901858861476967 -0.074276545611926245161
-4.882397500727923223 -0.074269551115887941228
-4.8410048155696978611 -0.074258648829012105508
-4.7996121304114724992 -0.074259799522440203545
-4.7582194452532480256 -0.074258409520002718884
-4.7168267600950226637 -0.074256490982509693044
-4.6754340749367973018 -0.074250041298274491175
-4.6340413897785728281 -0.074255160975983433569
-4.5926487046203474662 -0.074246064358470462152
-4.5512560194621221044 -0.074231008303410242477
-4.5098633343038976307 -0.074226572688575423453
-4.4684706491456722688 -0.074221644139363177062
-4.4270779639874469069 -0.074203784444721587743
-4.3856852788292224332 -0.07418408753774924369
-4.3442925936709970713 -0.074176308554267947337
-4.3028999085127717095 -0.074176308554267947337
-4.2615072233545472358 -0.074172925557311988887
-4.2201145381963218739 -0.07415596586185657646
-4.178721853038096512 -0.074144818190684164128
-4.1373291678798720383 -0.074122233679787610794
-4.0959364827216466765 -0.0740921037376764402
-4.0545437975634213146 -0.074103227431944612702
-4.0131511124051959527 -0.074088448365929204797
-3.971758427246971479 -0.074048622224148444304
-3.9303657420887461171 -0.073986905958822943297
-3.8889730569305211993 -0.073986905958822943297
-3.8475803717722962816 -0.073986905958822943297
-3.8061876866140709197 -0.073959459384881159894
-3.7647950014558460019 -0.07395014152832354859
-3.72340231629762064 -0.073939720272616749064
-3.6820096311393957222 -0.073883459987950830805
-3.6406169459811708045 -0.073792924933566567125
-3.5992242608229454426 -0.073751057996846225429
-3.5578315756647205248 -0.073716005648435695141
-3.516438890506495607 -0.073651372258689104533
-3.4750462053482702451 -0.07350293509178933149
-3.4336535201900453274 -0.073456561585299465222
-3.3922608350318204096 -0.073456561585299465222
-3.3508681498735950477 -0.073456561585299465222
-3.3094754647153701299 -0.073603531129302027236
-3.268082779557144768 -0.073562966869883908427
-3.2266900943989198502 -0.073350454760134339849
-3.1852974092406949325 -0.073200640532327665433
-3.1439047240824695706 -0.07316839952874212849
-3.1025120389242446528 -0.073068984209811282948
-3.061119353766019735 -0.072919400067242762242
-3.0197266686077943731 -0.072638667866879183532
-2.9783339834495694554 -0.072638667866879183532
-2.9369412982913445376 -0.072638667866879183532
-2.8955486131331191757 -0.072506327094723363458
-2.8541559279748942579 -0.072506327094723363458
-2.812763242816668896 -0.072337056414674472116
-2.7713705576584439783 -0.072049396478698735091
-2.7299778725002190605 -0.071311495495155030611
-2.6885851873419936986 -0.071311495495155030611
-2.6471925021837687808 -0.07264028125366955857
-2.605799817025543863 -0.071543018744880768067
-2.5644071318673185012 -0.071543018744880768067
-2.5230144467090935834 -0.071543018744880768067
-2.4816217615508686656 -0.071543018744880768067
-2.4402290763926433037 -0.071543018744880768067
-2.3988363912344183859 -0.071543018744880768067
-2.357443706076193024 -0.071543018744880768067
-2.3160510209179681063 -0.070777597793516916491
-2.2746583357597427444 -0.069989344088489002793
-2.2332656506015178266 -0.069989344088489002793
-2.1918729654432929088 -0.074424746144577683116
-2.1504802802850675469 -0.074424746144577683116
-2.1090875951268426292 -0.074424746144577683116
-2.0676949099686177114 -0.074424746144577683116
-2.0263022248103923495 -0.074424746144577683116
-1.9849095396521674317 -0.074424746144577683116
-1.9435168544939422919 -0.074424746144577683116
-1.9021241693357173741 -0.074424746144577683116
-1.8607314841774922343 -0.074424746144577683116
-1.8193387990192670944 -0.074424746144577683116
-1.7779461138610421767 -0.074424746144577683116
-1.7365534287028170368 -0.074424746144577683116
-1.695160743544591897 -0.074424746144577683116
-1.6537680583863667572 -0.074424746144577683116
-1.6123753732281418394 -0.074424746144577683116
-1.5709826880699166995 -0.074424746144577683116
-1.5295900029116915597 -0.074424746144577683116
-1.4881973177534666419 -0.074424746144577683116
-1.4468046325952415021 -0.074424746144577683116
-1.4054119474370163623 -0.074424746144577683116
-1.3640192622787912224 -0.074424746144577683116
-1.3226265771205663047 -0.074424746144577683116
-1.2812338919623411648 -0.074424746144577683116
-1.239841206804116025 -0.074424746144577683116
-1.1984485216458908852 -0.074424746144577683116
-1.1570558364876659674 -0.074424746144577683116
-1.1156631513294408276 -0.074424746144577683116
-1.0742704661712156877 -0.074424746144577683116
-1.0328777810129907699 -0.074424746144577683116
-0.99148509585476563011 -0.074424746144577683116
-0.95009241069654049028 -0.074424746144577683116
-0.90869972553831546147 -0.074424746144577683116
-0.86730704038009043266 -0.074424746144577683116
-0.82591435522186529283 -0.074424746144577683116
-0.78452167006364026403 -0.074424746144577683116
-0.7431289849054151242 -0.074424746144577683116
-0.70173629974719009539 -0.074424746144577683116
-0.66034361458896495556 -0.074424746144577683116
-0.61895092943073992675 -0.074424746144577683116
-0.57755824427251478692 -0.074424746144577683116
-0.53616555911428975811 -0.074424746144577683116
-0.49477287395606461828 -0.074424746144577683116
-0.45338018879783953397 -0.074424746144577683116
-0.41198750363961444965 -0.074424746144577683116
-0.37059481848138942084 -0.074424746144577683116
-0.32920213332316433652 -0.074424746144577683116
-0.28780944816493919669 -0.074424746144577683116
-0.24641676300671411237 -0.074424746144577683116
-0.20502407784848908356 -0.074424746144577683116
-0.16363139269026397149 -0.074424746144577683116
-0.12223870753203891493 -0.074424746144577683116
-0.080846022373813830608 -0.074424746144577683116
-0.039453337215588767106 -0.074424746144577683116
