-3.5 -0.999999
-3.4875 -0.999999
-3.475 -0.999999
-3.4625 -0.999999
-3.45 -0.999999
-3.4375 -0.999999
-3.425 -0.999999
-3.4125 -0.999999
-3.4 -0.999999
-3.3875 -0.999998
-3.375 -0.999998
-3.3625 -0.999998
-3.35 -0.999998
-3.3375 -0.999998
-3.325 -0.999998
-3.3125 -0.999997
-3.3 -0.999997
-3.2875 -0.999997
-3.275 -0.999997
-3.2625 -0.999996
-3.25 -0.999996
-3.2375 -0.999996
-3.225 -0.999995
-3.2125 -0.999995
-3.2 -0.999994
-3.1875 -0.999994
-3.175 -0.999993
-3.1625 -0.999993
-3.15 -0.999992
-3.1375 -0.999991
-3.125 -0.999991
-3.1125 -0.99999
-3.1 -0.999989
-3.0875 -0.999988
-3.075 -0.999987
-3.0625 -0.999986
-3.05 -0.999985
-3.0375 -0.999983
-3.025 -0.999982
-3.0125 -0.99998
-3 -0.999979
-2.9875 -0.999977
-2.975 -0.999975
-2.9625 -0.999973
-2.95 -0.999971
-2.9375 -0.999968
-2.925 -0.999966
-2.9125 -0.999963
-2.9 -0.99996
-2.8875 -0.999956
-2.875 -0.999953
-2.8625 -0.999949
-2.85 -0.999945
-2.8375 -0.999941
-2.825 -0.999936
-2.8125 -0.999931
-2.8 -0.999925
-2.7875 -0.999919
-2.775 -0.999913
-2.7625 -0.999906
-2.75 -0.999899
-2.7375 -0.999891
-2.725 -0.999883
-2.7125 -0.999874
-2.7 -0.999864
-2.6875 -0.999854
-2.675 -0.999843
-2.6625 -0.999831
-2.65 -0.999818
-2.6375 -0.999805
-2.625 -0.99979
-2.6125 -0.999775
-2.6 -0.999758
-2.5875 -0.999741
-2.575 -0.999722
-2.5625 -0.999702
-2.55 -0.99968
-2.5375 -0.999657
-2.525 -0.999632
-2.5125 -0.999606
-2.5 -0.999578
-2.4875 -0.999548
-2.475 -0.999517
-2.4625 -0.999483
-2.45 -0.999447
-2.4375 -0.999408
-2.425 -0.999368
-2.4125 -0.999324
-2.4 -0.999278
-2.3875 -0.999229
-2.375 -0.999177
-2.3625 -0.999121
-2.35 -0.999062
-2.3375 -0.999
-2.325 -0.998933
-2.3125 -0.998863
-2.3 -0.998788
-2.2875 -0.998709
-2.275 -0.998624
-2.2625 -0.998535
-2.25 -0.998441
-2.2375 -0.998341
-2.225 -0.998235
-2.2125 -0.998123
-2.2 -0.998005
-2.1875 -0.997879
-2.175 -0.997747
-2.1625 -0.997606
-2.15 -0.997458
-2.1375 -0.997302
-2.125 -0.997137
-2.1125 -0.996963
-2.1 -0.996779
-2.0875 -0.996585
-2.075 -0.99638
-2.0625 -0.996164
-2.05 -0.995937
-2.0375 -0.995697
-2.025 -0.995445
-2.0125 -0.99518
-2 -0.9949
-1.9875 -0.994606
-1.975 -0.994297
-1.9625 -0.993972
-1.95 -0.99363
-1.9375 -0.993271
-1.925 -0.992894
-1.9125 -0.992498
-1.9 -0.992083
-1.8875 -0.991647
-1.875 -0.991189
-1.8625 -0.99071
-1.85 -0.990207
-1.8375 -0.992411
-1.825 -0.991437
-1.8125 -0.990986
-1.8 -0.990514
-1.7875 -0.99002
-1.775 -0.989503
-1.7625 -0.988962
-1.75 -0.988398
-1.7375 -0.987807
-1.725 -0.987191
-1.7125 -0.986547
-1.7 -0.985874
-1.6875 -0.985172
-1.675 -0.98444
-1.6625 -0.983676
-1.65 -0.982879
-1.6375 -0.982049
-1.625 -0.980878
-1.6125 -0.979008
-1.6 -0.978002
-1.5875 -0.976955
-1.575 -0.975865
-1.5625 -0.974731
-1.55 -0.97355
-1.5375 -0.972322
-1.525 -0.970668
-1.5125 -0.969323
-1.5 -0.967926
-1.4875 -0.966474
-1.475 -0.964967
-1.4625 -0.963402
-1.45 -0.961777
-1.4375 -0.960092
-1.425 -0.958344
-1.4125 -0.956531
-1.4 -0.954653
-1.3875 -0.952706
-1.375 -0.950689
-1.3625 -0.9486
-1.35 -0.946437
-1.3375 -0.944199
-1.325 -0.941884
-1.3125 -0.939488
-1.3 -0.937012
-1.2875 -0.934452
-1.275 -0.931297
-1.2625 -0.928543
-1.25 -0.9257
-1.2375 -0.922764
-1.225 -0.919734
-1.2125 -0.916608
-1.2 -0.913383
-1.1875 -0.910059
-1.175 -0.906632
-1.1625 -0.903101
-1.15 -0.899463
-1.1375 -0.895717
-1.125 -0.891861
-1.1125 -0.887892
-1.1 -0.883808
-1.0875 -0.879608
-1.075 -0.87529
-1.0625 -0.870851
-1.05 -0.866289
-1.0375 -0.861604
-1.025 -0.856792
-1.0125 -0.851852
-1 -0.84251
-0.9875 -0.837237
-0.975 -0.831836
-0.9625 -0.826305
-0.95 -0.820641
-0.9375 -0.814844
-0.925 -0.808912
-0.9125 -0.802844
-0.9 -0.796637
-0.8875 -0.790291
-0.875 -0.783804
-0.8625 -0.777175
-0.85 -0.770402
-0.8375 -0.763485
-0.825 -0.756423
-0.8125 -0.749214
-0.8 -0.741858
-0.7875 -0.734354
-0.775 -0.726701
-0.7625 -0.718898
-0.75 -0.710946
-0.7375 -0.702843
-0.725 -0.694589
-0.7125 -0.686184
-0.7 -0.677629
-0.6875 -0.668921
-0.675 -0.660063
-0.6625 -0.651054
-0.65 -0.641894
-0.6375 -0.632583
-0.625 -0.623123
-0.6125 -0.613513
-0.6 -0.603754
-0.5875 -0.593848
-0.575 -0.583795
-0.5625 -0.573595
-0.55 -0.563251
-0.5375 -0.552763
-0.525 -0.542133
-0.5125 -0.531361
-0.5 -0.520451
-0.4875 -0.509403
-0.475 -0.498219
-0.4625 -0.486901
-0.45 -0.475451
-0.4375 -0.463871
-0.425 -0.452163
-0.4125 -0.44033
-0.4 -0.428374
-0.3875 -0.416297
-0.375 -0.404103
-0.3625 -0.391794
-0.35 -0.379372
-0.3375 -0.366841
-0.325 -0.354203
-0.3125 -0.341463
-0.3 -0.328622
-0.2875 -0.315684
-0.275 -0.302653
-0.2625 -0.289532
-0.25 -0.276324
-0.2375 -0.263034
-0.225 -0.249664
-0.2125 -0.236219
-0.2 -0.222702
-0.1875 -0.209117
-0.175 -0.195469
-0.1625 -0.18176
-0.15 -0.167996
-0.1375 -0.15418
-0.125 -0.140316
-0.1125 -0.126409
-0.1 -0.112463
-0.0875 -0.0984818
-0.075 -0.08447
-0.0625 -0.070432
-0.05 -0.056372
-0.0375 -0.0422944
-0.025 -0.0282036
-0.0125 -0.014104
1.61225e-14 1.81923e-14
0.0125 0.014104
0.025 0.0282036
0.0375 0.0422944
0.05 0.056372
0.0625 0.070432
0.075 0.08447
0.0875 0.0984818
0.1 0.112463
0.1125 0.126409
0.125 0.140316
0.1375 0.15418
0.15 0.167996
0.1625 0.18176
0.175 0.195469
0.1875 0.209117
0.2 0.222702
0.2125 0.236219
0.225 0.249664
0.2375 0.263034
0.25 0.276324
0.2625 0.289532
0.275 0.302653
0.2875 0.315684
0.3 0.328622
0.3125 0.341463
0.325 0.354203
0.3375 0.366841
0.35 0.379372
0.3625 0.391794
0.375 0.404103
0.3875 0.416297
0.4 0.428374
0.4125 0.44033
0.425 0.452163
0.4375 0.463871
0.45 0.475451
0.4625 0.486901
0.475 0.498219
0.4875 0.509403
0.5 0.520451
0.5125 0.531361
0.525 0.542133
0.5375 0.552763
0.55 0.563251
0.5625 0.573595
0.575 0.583795
0.5875 0.593848
0.6 0.603754
0.6125 0.613513
0.625 0.623123
0.6375 0.632583
0.65 0.641894
0.6625 0.651054
0.675 0.660063
0.6875 0.668921
0.7 0.677629
0.7125 0.686184
0.725 0.694589
0.7375 0.702843
0.75 0.710946
0.7625 0.718898
0.775 0.726701
0.7875 0.734354
0.8 0.741858
0.8125 0.749214
0.825 0.756423
0.8375 0.763485
0.85 0.770402
0.8625 0.777175
0.875 0.783804
0.8875 0.790291
0.9 0.796637
0.9125 0.802844
0.925 0.808912
0.9375 0.814844
0.95 0.820641
0.9625 0.826305
0.975 0.831836
0.9875 0.837237
1 0.846782
1.0125 0.851852
1.025 0.856792
1.0375 0.861604
1.05 0.866289
1.0625 0.870851
1.075 0.87529
1.0875 0.879608
1.1 0.883808
1.1125 0.887892
1.125 0.891861
1.1375 0.895717
1.15 0.899463
1.1625 0.903101
1.175 0.906632
1.1875 0.910059
1.2 0.913383
1.2125 0.916608
1.225 0.919734
1.2375 0.922764
1.25 0.9257
1.2625 0.928543
1.275 0.931297
1.2875 0.934452
1.3 0.937012
1.3125 0.939488
1.325 0.941884
1.3375 0.944199
1.35 0.946437
1.3625 0.9486
1.375 0.950689
1.3875 0.952706
1.4 0.954653
1.4125 0.956531
1.425 0.958344
1.4375 0.960092
1.45 0.961777
1.4625 0.963402
1.475 0.964967
1.4875 0.966474
1.5 0.967926
1.5125 0.969323
1.525 0.970668
1.5375 0.972322
1.55 0.97355
1.5625 0.974731
1.575 0.975865
1.5875 0.976955
1.6 0.978002
1.6125 0.979008
1.625 0.980878
1.6375 0.982049
1.65 0.982879
1.6625 0.983676
1.675 0.98444
1.6875 0.985172
1.7 0.985874
1.7125 0.986547
1.725 0.987191
1.7375 0.987807
1.75 0.988398
1.7625 0.988962
1.775 0.989503
1.7875 0.99002
1.8 0.990514
1.8125 0.990986
1.825 0.991437
1.8375 0.992411
1.85 0.990207
1.8625 0.99071
1.875 0.991189
1.8875 0.991647
1.9 0.992083
1.9125 0.992498
1.925 0.992894
1.9375 0.993271
1.95 0.99363
1.9625 0.993972
1.975 0.994297
1.9875 0.994606
2 0.9949
2.0125 0.99518
2.025 0.995445
2.0375 0.995697
2.05 0.995937
2.0625 0.996164
2.075 0.99638
2.0875 0.996585
2.1 0.996779
2.1125 0.996963
2.125 0.997137
2.1375 0.997302
2.15 0.997458
2.1625 0.997606
2.175 0.997747
2.1875 0.997879
2.2 0.998005
2.2125 0.998123
2.225 0.998235
2.2375 0.998341
2.25 0.998441
2.2625 0.998535
2.275 0.998624
2.2875 0.998709
2.3 0.998788
2.3125 0.998863
2.325 0.998933
2.3375 0.999
2.35 0.999062
2.3625 0.999121
2.375 0.999177
2.3875 0.999229
2.4 0.999278
2.4125 0.999324
2.425 0.999368
2.4375 0.999408
2.45 0.999447
2.4625 0.999483
2.475 0.999517
2.4875 0.999548
2.5 0.999578
2.5125 0.999606
2.525 0.999632
2.5375 0.999657
2.55 0.99968
2.5625 0.999702
2.575 0.999722
2.5875 0.999741
2.6 0.999758
2.6125 0.999775
2.625 0.99979
2.6375 0.999805
2.65 0.999818
2.6625 0.999831
2.675 0.999843
2.6875 0.999854
2.7 0.999864
2.7125 0.999874
2.725 0.999883
2.7375 0.999891
2.75 0.999899
2.7625 0.999906
2.775 0.999913
2.7875 0.999919
2.8 0.999925
2.8125 0.999931
2.825 0.999936
2.8375 0.999941
2.85 0.999945
2.8625 0.999949
2.875 0.999953
2.8875 0.999956
2.9 0.99996
2.9125 0.999963
2.925 0.999966
2.9375 0.999968
2.95 0.999971
2.9625 0.999973
2.975 0.999975
2.9875 0.999977
3 0.999979
3.0125 0.99998
3.025 0.999982
3.0375 0.999983
3.05 0.999985
3.0625 0.999986
3.075 0.999987
3.0875 0.999988
3.1 0.999989
3.1125 0.99999
3.125 0.999991
3.1375 0.999991
3.15 0.999992
3.1625 0.999993
3.175 0.999993
3.1875 0.999994
3.2 0.999994
3.2125 0.999995
3.225 0.999995
3.2375 0.999996
3.25 0.999996
3.2625 0.999996
3.275 0.999997
3.2875 0.999997
3.3 0.999997
3.3125 0.999997
3.325 0.999998
3.3375 0.999998
3.35 0.999998
3.3625 0.999998
3.375 0.999998
3.3875 0.999998
3.4 0.999999
3.4125 0.999999
3.425 0.999999
3.4375 0.999999
3.45 0.999999
3.4625 0.999999
3.475 0.999999
3.4875 0.999999
