10000 3.122 0.0165563 0.0164363 3.20767 0.0689147 0.0684382
20000 3.1314 0.0116618 0.0116222 3.12905 0.0482123 0.0483931
40000 3.1418 0.0082102 0.00821815 3.12784 0.0342807 0.0342191
80000 3.1428 0.00580303 0.00581111 3.15877 0.0241523 0.0241966
160000 3.14425 0.00410083 0.00410908 3.14388 0.0170921 0.0171095
320000 3.14311 0.00290113 0.00290556 3.15395 0.0121303 0.0120983
640000 3.14176 0.00205258 0.00205454 3.15219 0.00856308 0.00855477
1.28e+06 3.14316 0.00145053 0.00145278 3.14813 0.00604899 0.00604914
2.56e+06 3.14142 0.00102644 0.00102727 3.13737 0.00426804 0.00427739
5.12e+06 3.14069 0.000726027 0.000726389 3.14143 0.00301871 0.00302457
1.024e+07 3.14153 0.000513196 0.000513635 3.14191 0.00213554 0.00213869

10000 1.39345 0.0526181 0.0522206
20000 1.41951 0.0479847 0.0369256
40000 1.3719 0.0223821 0.0261103
80000 1.37065 0.0106224 0.0184628
160000 1.39139 0.0132415 0.0130552
320000 1.40086 0.0171009 0.00923139
640000 1.41091 0.0227815 0.00652758
1.28e+06 1.39227 0.00935635 0.00461569
2.56e+06 1.38306 0.00381996 0.00326379
5.12e+06 1.38777 0.00320896 0.00230785
1.024e+07 1.39067 0.00310063 0.00163189
