-1 0.403607 5.52404 0.353227 0.192498
-0.9 0.286345 5.55049 0.315257 -1.00186
-0.8 0.0945456 5.61243 0.149573 -2.28885
-0.7 -0.16688 5.71202 -0.129139 -3.1751
-0.6 -0.454468 5.84801 -0.456032 -3.18725
-0.5 -0.6919 6.01522 -0.729313 -2.09526
-0.4 -0.792959 6.20447 -0.843616 -0.0736201
-0.3 -0.695665 6.4031 -0.73219 2.2955
-0.2 -0.394085 6.59605 -0.399829 4.20829
-0.1 0.0476566 6.76758 0.0700334 4.95186
-1.38778e-16 0.509095 6.90332 0.540302 4.20735
0.1 0.851405 6.99003 0.86885 2.19951
0.2 0.972403 7.01679 0.960789 -0.384316
0.3 0.832061 6.9877 0.80205 -2.67204
0.4 0.492801 6.90879 0.460415 -3.9536
0.5 0.0622991 6.78062 0.0550902 -3.93934
0.6 -0.318528 6.61754 -0.290336 -2.82357
0.7 -0.544547 6.43718 -0.490802 -1.14608
0.8 -0.571506 6.25483 -0.522016 0.463167
0.9 -0.424127 6.08465 -0.41659 1.53011
1 -0.175749 5.93832 -0.240462 1.87298
