-5 -0.000791136 8.98438e-12
-4.9 0.00380939 3.48833e-11
-4.8 0.00457442 9.77277e-11
-4.7 0.00313854 2.05585e-10
-4.6 0.000875794 2.7408e-10
-4.5 -0.00120613 -9.93721e-11
-4.4 -0.0025014 -2.08281e-09
-4.3 -0.00278218 -8.14818e-09
-4.2 -0.00213257 -2.18287e-08
-4.1 -0.000857449 -4.41444e-08
-4 0.000619717 -6.16388e-08
-3.9 0.00186043 -1.97286e-08
-3.8 0.00250808 2.18542e-07
-3.7 0.00236897 9.02237e-07
-3.6 0.00146473 2.326e-06
-3.5 4.0919e-05 4.49574e-06
-3.4 -0.00148055 6.29953e-06
-3.3 -0.00260702 4.09118e-06
-3.2 -0.00292234 -9.82687e-06
-3.1 -0.00223866 -4.70991e-05
-3 -0.000700344 -0.000118185
-2.9 0.00121303 -0.000217833
-2.8 0.0028173 -0.000299066
-2.7 0.00347839 -0.000242175
-2.6 0.00292441 0.00015851
-2.5 0.00148956 0.00114847
-2.4 0.000121411 0.00285947
-2.3 -1.21374e-05 0.00503066
-2.2 0.0016264 0.0066724
-2.1 0.003858 0.00587466
-2 0.00314178 8.10595e-05
-1.9 -0.0055675 -0.0128642
-1.8 -0.0256542 -0.0328613
-1.7 -0.0540241 -0.0554191
-1.6 -0.0775955 -0.0704347
-1.5 -0.0753216 -0.0634516
-1.4 -0.0278158 -0.0204949
-1.3 0.0689313 0.063961
-1.2 0.194252 0.17862
-1.1 0.305502 0.291216
-1 0.352801 0.353227
-0.9 0.297908 0.315257
-0.8 0.128351 0.149573
-0.7 -0.135974 -0.129139
-0.6 -0.441439 -0.456032
-0.5 -0.704833 -0.729313
-0.4 -0.829675 -0.843616
-0.3 -0.739803 -0.73219
-0.2 -0.421136 -0.399829
-0.1 0.0535168 0.0700334
-1.02696e-15 0.54046 0.540302
0.1 0.881769 0.86885
0.2 0.973166 0.960789
0.3 0.804707 0.80205
0.4 0.454982 0.460415
0.5 0.0492249 0.0550902
0.6 -0.29177 -0.290336
0.7 -0.489131 -0.490802
0.8 -0.521062 -0.522016
0.9 -0.41767 -0.41659
1 -0.241547 -0.240462
1.1 -0.0616774 -0.0628587
1.2 0.0703203 0.0672074
1.3 0.1332 0.130763
1.4 0.134769 0.135248
1.5 0.0997107 0.102932
1.6 0.0546196 0.0582802
1.7 0.017648 0.0192647
1.8 -0.00435886 -0.00569835
1.9 -0.0129878 -0.0162855
2 -0.0133983 -0.0166879
2.1 -0.0104929 -0.0121208
2.2 -0.00722662 -0.00663458
2.3 -0.00464802 -0.00239754
2.4 -0.00271269 1.39459e-05
2.5 -0.00109283 0.000932998
2.6 0.000369417 0.00097822
2.7 0.00157482 0.000680826
2.8 0.00229659 0.000357234
2.9 0.0023608 0.000132447
3 0.00176726 1.68747e-05
3.1 0.000710686 -2.37994e-05
3.2 -0.000482913 -2.71306e-05
3.3 -0.00146201 -1.8242e-05
3.4 -0.00195247 -9.13623e-06
3.5 -0.00182651 -3.36105e-06
3.6 -0.00112652 -6.47342e-07
3.7 -4.80009e-05 2.48785e-07
3.8 0.00110611 3.53623e-07
3.9 0.00198849 2.32964e-07
4 0.00228076 1.11264e-07
4.1 0.00177425 3.98402e-08
4.2 0.000455279 8.90826e-09
4.3 -0.00141238 -7.42351e-10
4.4 -0.00322218 -2.14104e-09
4.5 -0.00399608 -1.41548e-09
4.6 -0.00241291 -6.46118e-10
4.7 0.00309289 -2.22639e-10
4.8 0.0141608 -5.25347e-11
4.9 0.032278 -2.31375e-12
5 0.0585276 5.89097e-12
