-3.5 -0.999999
-3.4875 -0.999999
-3.475 -0.999999
-3.4625 -0.999999
-3.45 -0.999999
-3.4375 -0.999999
-3.425 -0.999999
-3.4125 -0.999999
-3.4 -0.999999
-3.3875 -0.999998
-3.375 -0.999998
-3.3625 -0.999998
-3.35 -0.999998
-3.3375 -0.999998
-3.325 -0.999998
-3.3125 -0.999997
-3.3 -0.999997
-3.2875 -0.999997
-3.275 -0.999997
-3.2625 -0.999996
-3.25 -0.999996
-3.2375 -0.999996
-3.225 -0.999995
-3.2125 -0.999995
-3.2 -0.999994
-3.1875 -0.999994
-3.175 -0.999993
-3.1625 -0.999993
-3.15 -0.999992
-3.1375 -0.999991
-3.125 -0.999991
-3.1125 -0.99999
-3.1 -0.999989
-3.0875 -0.999988
-3.075 -0.999987
-3.0625 -0.999986
-3.05 -0.999985
-3.0375 -0.999983
-3.025 -0.999982
-3.0125 -0.99998
-3 -0.999979
-2.9875 -0.999977
-2.975 -0.999975
-2.9625 -0.999973
-2.95 -0.999971
-2.9375 -0.999968
-2.925 -0.999966
-2.9125 -0.999963
-2.9 -0.99996
-2.8875 -0.999956
-2.875 -0.999953
-2.8625 -0.999949
-2.85 -0.999945
-2.8375 -0.999941
-2.825 -0.999936
-2.8125 -0.999931
-2.8 -0.999925
-2.7875 -0.999919
-2.775 -0.999913
-2.7625 -0.999906
-2.75 -0.999899
-2.7375 -0.999891
-2.725 -0.999883
-2.7125 -0.999874
-2.7 -0.999864
-2.6875 -0.999854
-2.675 -0.999843
-2.6625 -0.999831
-2.65 -0.999818
-2.6375 -0.999805
-2.625 -0.99979
-2.6125 -0.999775
-2.6 -0.999758
-2.5875 -0.999741
-2.575 -0.999722
-2.5625 -0.999702
-2.55 -0.99968
-2.5375 -0.999657
-2.525 -0.999632
-2.5125 -0.999606
-2.5 -0.999578
-2.4875 -0.999548
-2.475 -0.999517
-2.4625 -0.999483
-2.45 -0.999447
-2.4375 -0.999408
-2.425 -0.999368
-2.4125 -0.999324
-2.4 -0.999278
-2.3875 -0.999229
-2.375 -0.999177
-2.3625 -0.999121
-2.35 -0.999062
-2.3375 -0.999
-2.325 -0.998933
-2.3125 -0.998863
-2.3 -0.998788
-2.2875 -0.998709
-2.275 -0.998624
-2.2625 -0.998535
-2.25 -0.998441
-2.2375 -0.998341
-2.225 -0.998235
-2.2125 -0.998123
-2.2 -0.998005
-2.1875 -0.997879
-2.175 -0.997747
-2.1625 -0.997606
-2.15 -0.997458
-2.1375 -0.997302
-2.125 -0.997137
-2.1125 -0.996963
-2.1 -0.996779
-2.0875 -0.996585
-2.075 -0.99638
-2.0625 -0.996164
-2.05 -0.995937
-2.0375 -0.995697
-2.025 -0.995445
-2.0125 -0.99518
-2 -0.9949
-1.9875 -0.994606
-1.975 -0.994297
-1.9625 -0.993972
-1.95 -0.99363
-1.9375 -0.993271
-1.925 -0.992894
-1.9125 -0.992498
-1.9 -0.992083
-1.8875 -0.991647
-1.875 -0.991189
-1.8625 -0.99071
-1.85 -0.992279
-1.8375 -0.991868
-1.825 -0.991437
-1.8125 -0.990986
-1.8 -0.990514
-1.7875 -0.99002
-1.775 -0.989503
-1.7625 -0.988962
-1.75 -0.988398
-1.7375 -0.987807
-1.725 -0.987191
-1.7125 -0.986547
-1.7 -0.985874
-1.6875 -0.985172
-1.675 -0.98444
-1.6625 -0.983066
-1.65 -0.981976
-1.6375 -0.980899
-1.625 -0.979973
-1.6125 -0.979008
-1.6 -0.978002
-1.5875 -0.976955
-1.575 -0.975865
-1.5625 -0.974731
-1.55 -0.973205
-1.5375 -0.971961
-1.525 -0.970668
-1.5125 -0.969323
-1.5 -0.967926
-1.4875 -0.966474
-1.475 -0.964967
-1.4625 -0.963402
-1.45 -0.961777
-1.4375 -0.960092
-1.425 -0.958344
-1.4125 -0.956531
-1.4 -0.954256
-1.3875 -0.952301
-1.375 -0.950275
-1.3625 -0.948179
-1.35 -0.946008
-1.3375 -0.943762
-1.325 -0.941007
-1.3125 -0.938586
-1.3 -0.936083
-1.2875 -0.933497
-1.275 -0.930824
-1.2625 -0.928064
-1.25 -0.925215
-1.2375 -0.922273
-1.225 -0.919238
-1.2125 -0.916107
-1.2 -0.91262
-1.1875 -0.909284
-1.175 -0.905846
-1.1625 -0.902304
-1.15 -0.898656
-1.1375 -0.894748
-1.125 -0.89088
-1.1125 -0.886901
-1.1 -0.882807
-1.0875 -0.878598
-1.075 -0.874271
-1.0625 -0.869825
-1.05 -0.865257
-1.0375 -0.860566
-1.025 -0.855749
-1.0125 -0.850806
-1 -0.845982
-0.9875 -0.840646
-0.975 -0.835419
-0.9625 -0.82981
-0.95 -0.824068
-0.9375 -0.81819
-0.925 -0.812176
-0.9125 -0.806023
-0.9 -0.799732
-0.8875 -0.79354
-0.875 -0.786957
-0.8625 -0.780365
-0.85 -0.773491
-0.8375 -0.766875
-0.825 -0.759695
-0.8125 -0.752616
-0.8 -0.745135
-0.7875 -0.737993
-0.775 -0.730202
-0.7625 -0.721052
-0.75 -0.713022
-0.7375 -0.704841
-0.725 -0.696921
-0.7125 -0.688421
-0.7 -0.679771
-0.6875 -0.670971
-0.675 -0.662569
-0.6625 -0.653446
-0.65 -0.644174
-0.6375 -0.634755
-0.625 -0.625187
-0.6125 -0.615473
-0.6 -0.605612
-0.5875 -0.595606
-0.575 -0.585456
-0.5625 -0.575163
-0.55 -0.565063
-0.5375 -0.554466
-0.525 -0.54373
-0.5125 -0.532857
-0.5 -0.522179
-0.4875 -0.511204
-0.475 -0.499895
-0.4625 -0.48899
-0.45 -0.477386
-0.4375 -0.463871
-0.425 -0.452163
-0.4125 -0.44033
-0.4 -0.428374
-0.3875 -0.416297
-0.375 -0.404103
-0.3625 -0.391794
-0.35 -0.379372
-0.3375 -0.366841
-0.325 -0.354203
-0.3125 -0.341463
-0.3 -0.328622
-0.2875 -0.315684
-0.275 -0.302653
-0.2625 -0.289532
-0.25 -0.276324
-0.2375 -0.263034
-0.225 -0.249664
-0.2125 -0.236219
-0.2 -0.222702
-0.1875 -0.209117
-0.175 -0.195469
-0.1625 -0.18176
-0.15 -0.167996
-0.1375 -0.15418
-0.125 -0.140316
-0.1125 -0.126409
-0.1 -0.112463
-0.0875 -0.0984818
-0.075 -0.08447
-0.0625 -0.070432
-0.05 -0.056372
-0.0375 -0.0422944
-0.025 -0.0282036
-0.0125 -0.014104
1.61225e-14 1.81923e-14
0.0125 0.014104
0.025 0.0282036
0.0375 0.0422944
0.05 0.056372
0.0625 0.070432
0.075 0.08447
0.0875 0.0984818
0.1 0.112463
0.1125 0.126409
0.125 0.140316
0.1375 0.15418
0.15 0.167996
0.1625 0.18176
0.175 0.195469
0.1875 0.209117
0.2 0.222702
0.2125 0.236219
0.225 0.249664
0.2375 0.263034
0.25 0.276324
0.2625 0.289532
0.275 0.302653
0.2875 0.315684
0.3 0.328622
0.3125 0.341463
0.325 0.354203
0.3375 0.366841
0.35 0.379372
0.3625 0.391794
0.375 0.404103
0.3875 0.416297
0.4 0.428374
0.4125 0.44033
0.425 0.452163
0.4375 0.463871
0.45 0.477386
0.4625 0.48899
0.475 0.499895
0.4875 0.511204
0.5 0.522179
0.5125 0.532857
0.525 0.54373
0.5375 0.554466
0.55 0.565063
0.5625 0.575163
0.575 0.585456
0.5875 0.595606
0.6 0.605612
0.6125 0.615473
0.625 0.625187
0.6375 0.634755
0.65 0.644174
0.6625 0.653446
0.675 0.662569
0.6875 0.670971
0.7 0.679771
0.7125 0.688421
0.725 0.696921
0.7375 0.704841
0.75 0.713022
0.7625 0.721052
0.775 0.730202
0.7875 0.737993
0.8 0.745135
0.8125 0.752616
0.825 0.759695
0.8375 0.766875
0.85 0.773491
0.8625 0.780365
0.875 0.786957
0.8875 0.79354
0.9 0.799732
0.9125 0.806023
0.925 0.812176
0.9375 0.81819
0.95 0.824068
0.9625 0.82981
0.975 0.835419
0.9875 0.840646
1 0.845195
1.0125 0.850806
1.025 0.855749
1.0375 0.860566
1.05 0.865257
1.0625 0.869825
1.075 0.874271
1.0875 0.878598
1.1 0.882807
1.1125 0.886901
1.125 0.89088
1.1375 0.894748
1.15 0.898656
1.1625 0.902304
1.175 0.905846
1.1875 0.909284
1.2 0.91262
1.2125 0.916107
1.225 0.919238
1.2375 0.922273
1.25 0.925215
1.2625 0.928064
1.275 0.930824
1.2875 0.933497
1.3 0.936083
1.3125 0.938586
1.325 0.941007
1.3375 0.943762
1.35 0.946008
1.3625 0.948179
1.375 0.950275
1.3875 0.952301
1.4 0.954256
1.4125 0.956531
1.425 0.958344
1.4375 0.960092
1.45 0.961777
1.4625 0.963402
1.475 0.964967
1.4875 0.966474
1.5 0.967926
1.5125 0.969323
1.525 0.970668
1.5375 0.971961
1.55 0.973205
1.5625 0.974731
1.575 0.975865
1.5875 0.976955
1.6 0.978002
1.6125 0.979008
1.625 0.979973
1.6375 0.980899
1.65 0.981976
1.6625 0.983066
1.675 0.98444
1.6875 0.985172
1.7 0.985874
1.7125 0.986547
1.725 0.987191
1.7375 0.987807
1.75 0.988398
1.7625 0.988962
1.775 0.989503
1.7875 0.99002
1.8 0.990514
1.8125 0.990986
1.825 0.991437
1.8375 0.991868
1.85 0.992279
1.8625 0.99071
1.875 0.991189
1.8875 0.991647
1.9 0.992083
1.9125 0.992498
1.925 0.992894
1.9375 0.993271
1.95 0.99363
1.9625 0.993972
1.975 0.994297
1.9875 0.994606
2 0.9949
2.0125 0.99518
2.025 0.995445
2.0375 0.995697
2.05 0.995937
2.0625 0.996164
2.075 0.99638
2.0875 0.996585
2.1 0.996779
2.1125 0.996963
2.125 0.997137
2.1375 0.997302
2.15 0.997458
2.1625 0.997606
2.175 0.997747
2.1875 0.997879
2.2 0.998005
2.2125 0.998123
2.225 0.998235
2.2375 0.998341
2.25 0.998441
2.2625 0.998535
2.275 0.998624
2.2875 0.998709
2.3 0.998788
2.3125 0.998863
2.325 0.998933
2.3375 0.999
2.35 0.999062
2.3625 0.999121
2.375 0.999177
2.3875 0.999229
2.4 0.999278
2.4125 0.999324
2.425 0.999368
2.4375 0.999408
2.45 0.999447
2.4625 0.999483
2.475 0.999517
2.4875 0.999548
2.5 0.999578
2.5125 0.999606
2.525 0.999632
2.5375 0.999657
2.55 0.99968
2.5625 0.999702
2.575 0.999722
2.5875 0.999741
2.6 0.999758
2.6125 0.999775
2.625 0.99979
2.6375 0.999805
2.65 0.999818
2.6625 0.999831
2.675 0.999843
2.6875 0.999854
2.7 0.999864
2.7125 0.999874
2.725 0.999883
2.7375 0.999891
2.75 0.999899
2.7625 0.999906
2.775 0.999913
2.7875 0.999919
2.8 0.999925
2.8125 0.999931
2.825 0.999936
2.8375 0.999941
2.85 0.999945
2.8625 0.999949
2.875 0.999953
2.8875 0.999956
2.9 0.99996
2.9125 0.999963
2.925 0.999966
2.9375 0.999968
2.95 0.999971
2.9625 0.999973
2.975 0.999975
2.9875 0.999977
3 0.999979
3.0125 0.99998
3.025 0.999982
3.0375 0.999983
3.05 0.999985
3.0625 0.999986
3.075 0.999987
3.0875 0.999988
3.1 0.999989
3.1125 0.99999
3.125 0.999991
3.1375 0.999991
3.15 0.999992
3.1625 0.999993
3.175 0.999993
3.1875 0.999994
3.2 0.999994
3.2125 0.999995
3.225 0.999995
3.2375 0.999996
3.25 0.999996
3.2625 0.999996
3.275 0.999997
3.2875 0.999997
3.3 0.999997
3.3125 0.999997
3.325 0.999998
3.3375 0.999998
3.35 0.999998
3.3625 0.999998
3.375 0.999998
3.3875 0.999998
3.4 0.999999
3.4125 0.999999
3.425 0.999999
3.4375 0.999999
3.45 0.999999
3.4625 0.999999
3.475 0.999999
3.4875 0.999999

1e-06 1.53911e-05
1.1000000000000000561e-06 1.8623709185483505735e-05
1.2100000000000000617e-06 1.9441763148608792733e-05
1.3310000000000002585e-06 2.0788819269146330271e-05
1.4641000000000003055e-06 2.2543906676109060072e-05
1.610510000000000569e-06 2.7103613821077843227e-05
1.7715610000000007317e-06 2.6589347590921796893e-05
1.9487171000000011226e-06 2.6734501388459008808e-05
2.1435888100000012348e-06 2.7600199480115605866e-05
2.3579476910000014854e-06 2.8675689181856256482e-05
2.5937424601000016762e-06 2.9303203073927086564e-05
2.8531167061100021403e-06 3.2976239196957912725e-05
3.1384283767210023967e-06 3.9730807534055223584e-05
3.4522712143931028481e-06 4.1836484815704899631e-05
3.7974983358324136412e-06 4.4452441286813026977e-05
4.1772481694156553017e-06 5.1279213450161620358e-05
4.5949729863572210013e-06 5.6001503316749356998e-05
5.054470284992943525e-06 5.7740857258292699328e-05
5.559917313492238301e-06 5.904752529017898155e-05
6.1159090448414623852e-06 6.1449192152673859368e-05
6.7274999493256088778e-06 6.6373885375448082868e-05
7.4002499442581703585e-06 6.910856200115222947e-05
8.1402749386839885802e-06 7.9298235338920441961e-05
8.9543024325523877771e-06 9.1755142796134947503e-05
9.8497326758076280794e-06 9.7959975342787330987e-05
1.0834705943388391565e-05 0.00010193592096585657458
1.1918176537727231569e-05 0.00011467029439604647933
1.3109994191499956589e-05 0.00013401998074002996475
1.4420993610649953772e-05 0.00013232153354658660049
1.586309297171494898e-05 0.00013232153354658660049
1.7449402268886446589e-05 0.0001414585661272393935
1.9194342495775094297e-05 0.00015021492667999236659
2.1113776745352607115e-05 0.00013991436974913895597
2.3225154419887869182e-05 0.00015883735253219288808
2.554766986187665881e-05 0.00018816155820722268999
2.8102436848064327402e-05 0.00019410937672170724966
3.0912680532870763191e-05 0.00021871159000308448839
3.4003948586157844254e-05 0.00025137084228732398117
3.74043434447736341e-05 0.00028607392215740379271
4.1144777789250998865e-05 0.00029166952584658289993
4.5259255568176100107e-05 0.00029823615784563273223
4.9785181124993711473e-05 0.00030499561439101263716
5.4763699237493086009e-05 0.000331156875376104054
6.0240069161242399353e-05 0.00035279648621888703985
6.6264076077366643354e-05 0.00039663873806405902656
7.28904836851033104e-05 0.00046945624175864786309
8.0179532053613642795e-05 0.00043353644238930399979
8.8197485258975020627e-05 0.00049694807552536079953
9.7017233784872533532e-05 0.00059263511939722235411
0.00010671895716335979231 0.00065939186227792490058
0.00011739085287969578102 0.00065939186227792490058
0.00012912993816766536997 0.00066823624385647928392
0.00014204293198443192323 0.00071269228419390540097
0.00015624722518287512368 0.00073078804757165105599
0.00017187194770116264418 0.00079363618117955780917
0.0001890591424712789357 0.00088387429502967407302
0.00020796505671840685909 0.0010708296741887002312
0.00022876156239024755855 0.0011175114274207809117
0.00025163771862927233067 0.0012559494071384680325
0.00027680149049219961253 0.0013876855409442612199
0.00030448163954141960631 0.0015997429048857370049
0.00033492980349556156694 0.001689901238579150089
0.00036842278384511775073 0.001689901238579150089
0.0004052650622296295746 0.0017597547999907980909
0.00044579156845259257543 0.0014041994290038273263
0.00049037072529785189802 0.0014830447619291753369
0.00053940779782763717456 0.0019913339216206527027
0.00059334857761040096791 0.0021876304246891686844
0.00065268343537144108638 0.0022503552875789978316
0.0007179517789085852926 0.0024437970800852415465
0.00078974695679944384354 0.0032816151459981179883
0.00086872165247938826042 0.0032816151459981179883
0.0009555938177273271732 0.0032816151459981179883
0.0010511531995000599014 0.0032816151459981179883
0.0011562685194500660867 0.0035394471695711082759
0.0012718953713950727821 0.0035394471695711082759
0.0013990849085345801253 0.0038693421736796240751
0.001538993399388038268 0.0048159952510163916983
0.0016928927393268422465 0.0058708301096435100419
0.0018621820132595267097 0.0058708301096435100419
0.0020484002145854797276 0.0032784723607136578849
0.0022532402360440277438 0.0054185754538864649987
0.002478564259648430735 0.0054185754538864649987
0.0027264206856132738518 0.0054185754538864649987
0.0029990627541746014972 0.0054185754538864649987
0.0032989690295920619939 0.0054185754538864649987
0.003628865932551268627 0.0054185754538864649987
0.0039917525258063961402 0.0054185754538864649987
0.0043909277783870364481 0.0069146587786403923559
0.0048300205562257407868 0.0084581291534816527289
0.0053130226118483156461 0.0084581291534816527289
0.0058443248730331480781 0.00019042530566160120742
0.0064287573603364631461 0.00019042530566160120742
0.0070716330963701097209 0.00019042530566160120742
0.0077787964060071213002 0.00019042530566160120742
0.008556676046607834818 0.00019042530566160120742
0.0094123436512686189936 0.00019042530566160120742
0.010353578016395480893 0.00019042530566160120742
0.011388935818035029676 0.00019042530566160120742
0.012527829399838532817 0.00019042530566160120742
0.013780612339822386619 0.00019042530566160120742
0.015158673573804626322 0.00019042530566160120742
0.016674540931185088954 0.00019042530566160120742
0.018341995024303600625 0.00019042530566160120742
0.020176194526733963464 0.00019042530566160120742
0.022193813979407360504 0.00019042530566160120742
0.02441319537734809933 0.00019042530566160120742
0.026854514915082911691 0.00019042530566160120742
0.029539966406591205983 0.00019042530566160120742
0.032493963047250329357 0.00019042530566160120742
0.035743359351975367844 0.00019042530566160120742
0.039317695287172910179 0.00019042530566160120742
0.043249464815890203973 0.00019042530566160120742
0.047574411297479225758 0.00019042530566160120742
0.052331852427227154578 0.00019042530566160120742
0.057565037669949872812 0.00019042530566160120742
0.063321541436944864256 0.00019042530566160120742
0.069653695580639357621 0.00019042530566160120742
0.076619065138703298934 0.00019042530566160120742
0.084280971652573630215 0.00019042530566160120742
0.092709068817831002951 0.00019042530566160120742
0.10197997569961411712 0.00019042530566160120742
0.11217797326957554271 0.00019042530566160120742
0.12339577059653310254 0.00019042530566160120742
0.13573534765618641695 0.00019042530566160120742
0.14930888242180506698 0.00019042530566160120742
0.16423977066398559588 0.00019042530566160120742
0.18066374773038418322 0.00019042530566160120742
0.1987301225034226182 0.00019042530566160120742
0.21860313475376488834 0.00019042530566160120742
0.24046344822914139661 0.00019042530566160120742
0.26450979305205557512 0.00019042530566160120742
0.29096077235726114374 0.00019042530566160120742
0.32005684959298730252 0.00019042530566160120742
0.35206253455228608829 0.00019042530566160120742
0.38726878800751474152 0.00019042530566160120742
0.42599566680826622678 0.00019042530566160120742
0.46859523348909287721 0.00019042530566160120742
0.5154547568380022371 0.00019042530566160120742
0.56700023252180253852 0.00019042530566160120742
0.62370025577398280348 0.00019042530566160120742
0.68607028135138115044 0.00019042530566160120742
0.7546773094865193432 0.00019042530566160120742
0.83014504043517134413 0.00019042530566160120742
0.91315954447868852295 0.00019042530566160120742
