10000 3.1572 0.0163122 0.0164032 3.13119 0.0679642 0.0683325
20000 3.1406 0.0116169 0.0115988 3.18841 0.048631 0.0483184
40000 3.148 0.00818855 0.00820162 3.10048 0.0340741 0.0341662
80000 3.14705 0.00579253 0.00579942 3.14023 0.0242413 0.0241592
160000 3.13848 0.00411087 0.00410081 3.13993 0.017058 0.0170831
320000 3.14544 0.00289826 0.00289971 3.14795 0.0120879 0.0120796
640000 3.14208 0.0020523 0.00205041 3.13693 0.00853858 0.00854156
1.28e+06 3.14242 0.00145099 0.00144986 3.13746 0.00604026 0.0060398
2.56e+06 3.14214 0.00102613 0.0010252 3.13889 0.00426656 0.00427078
5.12e+06 3.14236 0.000725512 0.000724928 3.14204 0.00302085 0.0030199
1.024e+07 3.1407 0.000513377 0.000512602 3.1426 0.00213569 0.00213539

10000 1.36703 0.0307144 0.0489121
20000 1.41339 0.0659944 0.0345861
40000 1.36966 0.0175829 0.0244561
80000 1.38237 0.0183941 0.0172931
160000 1.37438 0.011915 0.012228
320000 1.38775 0.0126818 0.00864653
640000 1.44749 0.0515158 0.00611402
1.28e+06 1.38827 0.00689143 0.00432326
2.56e+06 1.38369 0.00435505 0.00305701
5.12e+06 1.38553 0.00319713 0.00216163
1.024e+07 1.38535 0.0023221 0.0015285
