-4.9 3.32156e-10 1.73022e-11
-4.6 1.28696e-09 2.6017e-10
-4.3 4.59772e-08 5.16302e-09
-4 1.12535e-07 2.89399e-08
-3.7 2.91608e-06 4.83233e-07
-3.4 2.85101e-05 2.91811e-06
-3.1 9.96849e-05 2.21473e-05
-2.8 0.000846228 0.000130266
-2.5 0.00193045 0.000546768
-2.2 0.0117616 0.00260057
-1.9 0.0357324 0.00831069
-1.6 0.0879825 0.0268679
-1.3 0.210391 0.0681161
-1 0.367879 0.154857
-0.7 0.614432 0.302203
-0.4 0.823041 0.521619
-0.1 0.95576 0.788439
0.2 0.91152 1.07738
0.5 0.778801 1.33093
0.8 0.532248 1.52758
1.1 0.315383 1.65176
1.4 0.157895 1.72275
1.7 0.0705658 1.75351
2 0.0183156 1.76685
2.3 0.00848453 1.77087
2.6 0.00156905 1.77208
2.9 0.000484819 1.77239
3.2 7.59599e-05 1.77244
3.5 4.78512e-06 1.77245
3.8 1.98157e-06 1.77245
4.1 9.03492e-08 1.77245
4.4 2.37912e-08 1.77245
4.7 9.68692e-10 1.77245
5 1.38879e-11 1.77245

-4.9 3.32156e-10 3.18268e-09 1.73022e-11
-4.6 1.28696e-09 3.18268e-09 2.6017e-10
-4.3 1.97359e-08 1.78124e-07 5.16302e-09
-4 1.12535e-07 4.40537e-07 2.89399e-08
-3.7 1.84753e-06 1.11261e-05 4.83233e-07
-3.4 1.09901e-05 0.00010585 2.91811e-06
-3.1 8.21649e-05 0.000368649 2.21473e-05
-2.8 0.000467287 0.00298252 0.000130266
-2.5 0.00193045 0.00677193 0.000546768
-2.2 0.00864175 0.0379701 0.00260057
-1.9 0.0265005 0.104928 0.00831069
-1.6 0.0787506 0.243406 0.0268679
-1.3 0.182144 0.477881 0.0681161
-1 0.367879 0.760355 0.154857
-0.7 0.607054 0.83414 0.302203
-0.4 0.858315 0.706957 0.521619
-0.1 0.991035 0.177839 0.788439
0.2 0.964784 -0.353625 1.07738
0.5 0.778801 -0.886264 1.33093
0.8 0.524517 -0.808958 1.52758
1.1 0.296786 -0.664437 1.65176
1.4 0.139298 -0.385484 1.72275
1.7 0.0563659 -0.197834 1.75351
2 0.0183156 -0.0558351 1.76685
2.3 0.00571676 -0.0281574 1.77087
2.6 0.00108172 -0.00726899 1.77208
2.9 -2.50203e-06 4.08166e-05 1.77239
3.2 0.00040172 0.000305685 1.77244
3.5 4.78512e-06 -0.00295192 1.77245
3.8 -0.000351127 0.00057917 1.77245
4.1 0.000234766 0.00175985 1.77245
4.4 0.0002347 -0.00176029 1.77245
4.7 1.60523e-09 3.50787e-322 1.77245
5 1.60523e-09 8.74496e-322 1.77245

-4.9 3.52371e-08 3.52232e-07 1.76255e-09
-4.6 1.40907e-07 3.52232e-07 2.81841e-08
-4.3 1.43472e-09 7.56281e-08 4.543e-08
-4 1.12535e-07 7.73033e-07 1.12101e-07
-3.7 1.33162e-06 1.01332e-05 3.89863e-07
-3.4 8.58027e-06 5.77681e-05 1.46003e-06
-3.1 7.07527e-05 0.000424233 2.4959e-05
-2.8 0.000374239 0.00225411 7.59258e-05
-2.5 0.00193045 0.00898066 0.000807632
-2.2 0.00775616 0.0356106 0.00200132
-1.9 0.0268816 0.100579 0.00634707
-1.6 0.0769696 0.249557 0.0242533
-1.3 0.185677 0.482673 0.0584431
-1 0.367879 0.733654 0.140429
-0.7 0.616064 0.859838 0.282095
-0.4 0.850039 0.676479 0.507538
-0.1 0.992236 0.20042 0.772344
0.2 0.957596 -0.368839 1.08421
0.5 0.778801 -0.818279 1.3505
0.8 0.526445 -0.83294 1.54597
1.1 0.297561 -0.665732 1.66621
1.4 0.137942 -0.382414 1.73281
1.7 0.0564835 -0.212548 1.75778
2 0.0183156 -0.0195387 1.7789
2.3 0.00574506 -0.0426288 1.7725
2.6 0.00257165 -0.000238885 1.77186
2.9 0.000244123 -0.00595321 1.7743
3.2 0.000381331 -0.00108881 1.77242
3.5 4.78512e-06 0.000619278 1.7735
3.8 2.82479e-05 -0.000217017 1.77247
4.1 2.94673e-06 1.36453e-05 1.77245
4.4 6.13469e-07 -1.22001e-05 1.77246
4.7 1.29358e-07 -2.60216e-07 1.77245
5 1.38879e-11 1.04443e-07 1.77245

-5 1.38879e-11
-4.5 1.60523e-09
-4 1.12535e-07
-3.5 4.78512e-06
-3 0.00012341
-2.5 0.00193045
-2 0.0183156
-1.5 0.105399
-1 0.367879
-0.5 0.778801
0 1
0.5 0.778801
1 0.367879
1.5 0.105399
2 0.0183156
2.5 0.00193045
3 0.00012341
3.5 4.78512e-06
4 1.12535e-07
4.5 1.60523e-09
5 1.38879e-11
