0 1 0
0.0097283 0.999953 -0.0097283
0.0291849 0.999574 -0.0291821
0.0680981 0.997682 -0.0680566
0.0931933 0.99566 -0.0930723
0.143384 0.989734 -0.142928
0.185133 0.982905 -0.184123
0.206935 0.978657 -0.205509
0.250539 0.968765 -0.247987
0.274322 0.962593 -0.270958
0.321889 0.948616 -0.316438
0.355568 0.93742 -0.348208
0.389069 0.925229 -0.379416
0.422928 0.911852 -0.410527
0.456074 0.897744 -0.440525
0.490663 0.88197 -0.471314
0.522424 0.866555 -0.499089
0.560093 0.84714 -0.531376
0.586874 0.832606 -0.553873
0.640436 0.801745 -0.597674
0.693418 0.768954 -0.639314
0.747566 0.733209 -0.680014
0.799408 0.69697 -0.717111
0.84693 0.662104 -0.749423
0.880485 0.636585 -0.771218
0.914235 0.610194 -0.792263
0.947595 0.583425 -0.812178
0.981741 0.555352 -0.831626
1.01433 0.527953 -0.849285
1.05011 0.497233 -0.867628
1.0798 0.471252 -0.88201
1.1229 0.432798 -0.901502
1.1456 0.412219 -0.911096
1.19101 0.370422 -0.928875
1.21898 0.344295 -0.938873
1.26755 0.29829 -0.954487
1.30416 0.26315 -0.964767
1.33252 0.235686 -0.971841
1.37977 0.189499 -0.981893
1.41257 0.157187 -0.987581
1.44789 0.122215 -0.992516
1.47836 0.0919129 -0.99578
1.51928 0.0510896 -0.998707
1.54197 0.0284108 -0.99961
1.58736 -0.0169906 -0.999869
1.61529 -0.0449056 -0.999005
1.66402 -0.0935323 -0.995631
1.70111 -0.130399 -0.991476
1.72873 -0.157732 -0.987497
1.77855 -0.206732 -0.978413
1.81908 -0.246215 -0.969232
1.84221 -0.268573 -0.963276
1.88848 -0.312858 -0.949817
1.91864 -0.341361 -0.93995
1.96042 -0.380332 -0.924869
1.98219 -0.400378 -0.916369
2.02574 -0.439901 -0.898066
2.04939 -0.46102 -0.887409
2.0967 -0.502485 -0.864607
2.12965 -0.530701 -0.847581
2.16465 -0.560041 -0.828487
2.19567 -0.585472 -0.810716
2.23515 -0.617029 -0.786965
2.25952 -0.636024 -0.771694
2.30827 -0.672882 -0.739777
2.3454 -0.699887 -0.714282
2.37296 -0.719307 -0.694721
2.42298 -0.75316 -0.657869
2.46418 -0.779623 -0.626282
2.48657 -0.79345 -0.608671
2.53135 -0.819909 -0.572532
2.55779 -0.834765 -0.550645
2.61069 -0.862726 -0.505717
2.66221 -0.887634 -0.460602
2.70855 -0.908024 -0.418976
2.73888 -0.920315 -0.391241
2.78018 -0.935688 -0.352898
2.80246 -0.943318 -0.331965
2.84701 -0.957172 -0.289606
2.87294 -0.964359 -0.264691
2.9248 -0.976789 -0.214327
2.97237 -0.98588 -0.167616
3.00607 -0.990968 -0.134297
3.03953 -0.994907 -0.101063
3.07347 -0.997764 -0.0672385
3.10646 -0.999439 -0.0342873
3.14138 -1.00003 0.000632047
3.17254 -0.999522 0.0317981
3.21166 -0.997513 0.0708773
3.23649 -0.995446 0.0956208
3.28615 -0.989471 0.144931
3.32614 -0.982883 0.184388
3.3499 -0.978225 0.207686
3.39741 -0.967253 0.253931
3.43094 -0.958195 0.286221
3.46474 -0.947974 0.318441
3.49801 -0.936856 0.349802
3.53234 -0.924294 0.381762
3.56458 -0.911507 0.411359
3.60114 -0.895855 0.444415
3.62956 -0.882864 0.469694
3.67661 -0.859787 0.510715
3.70886 -0.84287 0.538175
3.7454 -0.822642 0.568615
3.77386 -0.806127 0.591796
3.82078 -0.777475 0.628966
3.85265 -0.75703 0.65343
3.89005 -0.732066 0.681282
3.91722 -0.713282 0.700924
3.96868 -0.676271 0.736699
4.0148 -0.641573 0.767107
4.04457 -0.61845 0.785868
4.08744 -0.584194 0.811657
4.10966 -0.566018 0.824435
4.15409 -0.528829 0.84877
4.17973 -0.506891 0.862051
4.23101 -0.462016 0.886912
4.27652 -0.42118 0.907018
4.30472 -0.395427 0.918537
4.35248 -0.351111 0.936374
4.3867 -0.318863 0.947841
4.41915 -0.287938 0.957689
4.45524 -0.25319 0.967456
4.48442 -0.224853 0.974432
4.52904 -0.181141 0.983496
4.55514 -0.155411 0.987889
4.60734 -0.103631 0.994656
4.65619 -0.0549219 0.998531
4.69365 -0.0174819 0.999888
4.72073 0.00960559 0.999995
4.7749 0.0637595 0.998007
4.8267 0.115371 0.993365
4.87407 0.162299 0.986786
4.9072 0.194904 0.980867
4.94182 0.228741 0.973532
4.97353 0.259498 0.965789
5.01132 0.295806 0.955294
5.03793 0.321125 0.947083
5.09116 0.37108 0.92865
5.14481 0.420368 0.907404
5.19761 0.467698 0.883942
5.24877 0.512304 0.85886
5.29382 0.550477 0.834908
5.32092 0.572904 0.819681
5.37513 0.616496 0.787421
5.42686 0.6564 0.75448
5.47395 0.691201 0.722733
5.5063 0.714222 0.699992
5.5426 0.739162 0.673604
5.57144 0.758278 0.65201
5.61714 0.787284 0.616675
5.64584 0.804659 0.593826
5.69197 0.831196 0.556075
5.72176 0.847395 0.531063
5.76457 0.86935 0.494304
5.78665 0.880056 0.474983
5.83083 0.900178 0.435645
5.85587 0.910808 0.41296
5.90597 0.930354 0.366813
5.94741 0.944756 0.327941
5.96954 0.951781 0.306959
6.01379 0.964431 0.264544
6.03901 0.970796 0.240137
6.08945 0.981674 0.190863
6.13204 0.988913 0.14888
6.15369 0.991904 0.127437
6.19698 0.996492 0.0843702
6.22011 0.998176 0.0613062
6.26635 0.999944 0.0150799
6.29644 0.999945 -0.0150167
6.33841 0.998435 -0.0569647
6.35999 0.996973 -0.078496
6.40314 0.992657 -0.121449
6.42597 0.989627 -0.144072
6.47161 0.982019 -0.189095
6.50017 0.976218 -0.217066
6.54675 0.965048 -0.262301
6.57772 0.956462 -0.292062
6.61734 0.944141 -0.329727
6.64155 0.935882 -0.352486
6.68996 0.917719 -0.397385
6.72612 0.902752 -0.430305
6.75519 0.889861 -0.456366
6.80015 0.868442 -0.495917
6.82705 0.85479 -0.519094
6.88084 0.825631 -0.564323
6.93337 0.794848 -0.606915
6.98347 0.763445 -0.645974
7.02491 0.736016 -0.67706
7.04703 0.720859 -0.693176
7.09127 0.689487 -0.724389
7.11648 0.671009 -0.741538
7.16689 0.632774 -0.774422
7.20938 0.599297 -0.80061
7.23083 0.581988 -0.81328
7.27372 0.546568 -0.837496
7.296 0.527778 -0.849462
7.34055 0.489412 -0.872131
7.36646 0.466648 -0.88452
7.41828 0.420181 -0.907516
7.46575 0.376634 -0.926437
7.49914 0.34549 -0.938497
7.53322 0.313304 -0.949727
7.56593 0.282069 -0.959467
7.60144 0.24782 -0.968879
7.63158 0.218512 -0.975906
7.67342 0.177483 -0.984196
7.69512 0.156085 -0.987815
7.73852 0.113069 -0.993659
7.76186 0.0898484 -0.996027
7.80853 0.0432603 -0.999136
7.83976 0.0120377 -1
7.87872 -0.0269344 -0.999709
7.90375 -0.051948 -0.998722
7.95381 -0.101878 -0.99487
7.99513 -0.142893 -0.989812
8.01739 -0.164892 -0.986386
8.06191 -0.208645 -0.978067
8.08776 -0.233861 -0.972346
8.13947 -0.283824 -0.958955
8.18649 -0.328605 -0.944548
8.21867 -0.358824 -0.933486
8.25537 -0.392848 -0.919686
8.28357 -0.418626 -0.908242
8.33136 -0.461549 -0.887201
8.36566 -0.491715 -0.870844
8.39795 -0.519573 -0.854516
8.43441 -0.550381 -0.835006
8.46299 -0.574026 -0.818931
8.50949 -0.611483 -0.791356
8.54024 -0.635529 -0.772178
8.58042 -0.666043 -0.746018
8.60396 -0.683416 -0.730136
8.65103 -0.717026 -0.69716
8.68332 -0.739166 -0.673641
8.71975 -0.763218 -0.646263
8.74838 -0.781405 -0.624151
8.79475 -0.809507 -0.587246
8.82517 -0.826996 -0.562351
8.86623 -0.849392 -0.527915
8.88876 -0.861071 -0.508643
8.93383 -0.883117 -0.469325
8.96096 -0.895525 -0.445193
9.01522 -0.918363 -0.395947
9.06684 -0.937579 -0.34801
9.11357 -0.952819 -0.303816
9.14495 -0.961882 -0.27377
9.18354 -0.971732 -0.236442
9.20905 -0.977447 -0.211577
9.26007 -0.986969 -0.161434
9.30464 -0.993185 -0.11728
9.33062 -0.995896 -0.0914423
9.38257 -0.999303 -0.0395817
9.43049 -1.00005 0.00835355
9.4652 -0.99916 0.0430543
9.49675 -0.997304 0.0745556
9.53492 -0.993732 0.112572
9.561 -0.990459 0.138445
9.61314 -0.981892 0.189907
9.6618 -0.971489 0.23746
9.69868 -0.962071 0.273129
9.72662 -0.954066 0.299895
9.77531 -0.93833 0.346001
9.81232 -0.924884 0.380486
9.84007 -0.91397 0.406004
9.88941 -0.892823 0.450611
9.92843 -0.874564 0.485099
9.94694 -0.862181 0.506782
9.99687 -0.835802 0.549199
9.97993 -0.812645 0.582919
9.94093 -0.79919 0.601233
9.98638 -0.771043 0.63693
9.95446 -0.752868 0.658314
9.99214 -0.72022 0.693881
9.97044 -0.694994 0.719147
9.95844 -0.673237 0.739554
9.98307 -0.64103 0.767639
9.93862 -0.624057 0.7815
9.98245 -0.589211 0.808097
9.94512 -0.56943 0.822156
9.99365 -0.528861 0.848821
9.97195 -0.497536 0.867554
9.95556 -0.472576 0.881399
9.98958 -0.430937 0.902489
9.96137 -0.402586 0.915488
9.97671 -0.366505 0.930521
9.94673 -0.343236 0.939353
9.9965 -0.296061 0.955272
9.979 -0.257261 0.966444
9.94259 -0.234653 0.972181
9.98923 -0.189054 0.982068
9.96127 -0.158383 0.987478
9.97691 -0.119562 0.992927
9.94636 -0.0949607 0.995581
9.99584 -0.0455834 0.999061
9.97736 -0.00614741 1.00008
9.94555 0.0182863 0.999933
9.99441 0.0671211 0.997846
9.97383 0.104491 0.994628
9.95203 0.13133 0.991441
10 0.184721 0.982896
