-1 0.385674
-0.9 0.287726
-0.8 0.114337
-0.7 -0.13732
-0.6 -0.435284
-0.5 -0.703933
-0.4 -0.838995
-0.3 -0.751436
-0.2 -0.422211
-0.1 0.067911
-1.38778e-16 0.56131
0.1 0.892851
0.2 0.964857
0.3 0.782928
0.4 0.437361
0.5 0.0513166
0.6 -0.269217
0.7 -0.461596
0.8 -0.508539
0.9 -0.427558
1 -0.257922

-5 -0.552139 1.24548 0.244204
-4.5 0.648661 3.28165 -0.217281
-4 2.00812 1.23522 -0.511057
-3.5 1.38837 -3.48504 -0.347867
-3 -0.674047 -3.81176 0.129986
-2.5 -1.85225 -0.7632 0.460553
-2 -1.46916 2.24181 0.361042
-1.5 0.21265 4.02115 -0.0773756
-1 1.84326 1.81288 -0.462889
-0.5 1.70703 -2.28011 -0.426951
0 -0.0607291 -4.14323 -3.1225e-17
0.5 -1.68579 -1.78163 0.414894
1 -1.70244 1.53787 0.444403
1.5 -0.35476 3.62093 0.0767056
2 1.46963 2.99048 -0.368156
2.5 2.0092 -1.13009 -0.473641
3 0.533208 -4.17362 -0.121733
3.5 -1.40742 -2.85691 0.353383
4 -1.8847 0.972869 0.509429
4.5 -0.747265 3.12054 0.229485
5 0.835616 2.85312 -0.228396
